<?xml version="1.0" encoding="UTF-8" standalone="no" ?>
<SimMechanicsImportXML version="1.0" xmlns="urn:mathworks:simmechanics:import" xmlns:xsi="http://www.w3.org/2001/XMLSchema-instance">
<Created by="" on="03/20/16||20:47:38" using="SimMechanics Link Version 4.4" from="SolidWorks 23.3.0"/>
<ModelUnits mass="kilogram" length="millimeter"/>
<DataUnits mass="kilogram" length="meter"/>
<RootAssembly name="RDTesis" uid="RDTesis" version="198">
<AssemblyFile name="RDTesis.SLDASM" type="SolidWorks Assembly"/>
<InstanceTree>
<Instance name="AntebrazoCompleto-5" uid="AntebrazoCompleto-5" entityUid="AntebrazoCompleto" rigid="true">
<Transform>
<Rotation>0.98884139294512396 -0.14890271815125028 -0.0045475406008294375 0.14667547265255887 0.96780338513278097 0.20455540434727815 -0.026057730532326309 -0.20293986363624897 0.97884442401579086</Rotation>
<Translation>-0.0094457280734505759 -0.1203762930853743 -0.13267600222416162</Translation>
</Transform>
<Instance name="Antebrazo-1" uid="Antebrazo-1" entityUid="Antebrazo*:*Predeterminado">
<Transform>
<Rotation>-0.83716910433122238 -0.54694413860398861 0 0 0 1 -0.54694413860398861 0.83716910433122238 0</Rotation>
<Translation>-0.01608926830612737 -0.22774103840837565 0.040649351392904209</Translation>
</Transform>
</Instance>
<Instance name="uniball-Cuerpo-1" uid="uniball-Cuerpo-1" grounded="true" entityUid="uniball-Cuerpo*:*Predeterminado">
<Transform>
<Rotation>1 0 0 0 1 0 0 0 1</Rotation>
<Translation>-0.016089268306127377 0.011758961591624303 0.040649351392904182</Translation>
</Transform>
</Instance>
<Instance name="uniball-Cuerpo-2" uid="uniball-Cuerpo-2" entityUid="uniball-Cuerpo*:*Predeterminado">
<Transform>
<Rotation>-1 0 -2.2204460492503131e-016 0 -1 0 -2.2204460492503131e-016 0 1</Rotation>
<Translation>-0.016089268306127377 -0.26324103840837565 0.040649351392904209</Translation>
</Transform>
</Instance>
<Instance name="Acople-Antebrazo-RUniball-2" uid="Acople-Antebrazo-RUniball-2" entityUid="Acople-Antebrazo-RUniball*:*Predeterminado">
<Transform>
<Rotation>-0.83716910433122238 -0.54694413860398861 0 0 0 1 -0.54694413860398861 0.83716910433122238 0</Rotation>
<Translation>-0.01608926830612737 -0.051741038408375656 0.040649351392904209</Translation>
</Transform>
</Instance>
<Instance name="Acople-Antebrazo-RUniball-1" uid="Acople-Antebrazo-RUniball-1" entityUid="Acople-Antebrazo-RUniball*:*Predeterminado">
<Transform>
<Rotation>-0.83716910433122238 0.54694413860398861 0 0 0 -1 -0.54694413860398861 -0.83716910433122238 0</Rotation>
<Translation>-0.016089268306127377 -0.19974103840837568 0.040649351392904196</Translation>
</Transform>
</Instance>
</Instance>
<Instance name="AntebrazoCompleto-4" uid="AntebrazoCompleto-4" entityUid="AntebrazoCompleto" rigid="true">
<Transform>
<Rotation>0.98810388994016163 -0.1533585626030258 0.011482768022345859 0.1527335200740029 0.96986227180192197 -0.18984110614147587 0.017977055680098344 0.18933653902918149 0.98174767657353068</Rotation>
<Translation>-0.011225350709386482 -0.10370254573660083 0.054991030986993109</Translation>
</Transform>
<Instance name="Antebrazo-1" uid="Antebrazo-1" entityUid="Antebrazo*:*Predeterminado">
<Transform>
<Rotation>-0.83716910433122238 -0.54694413860398861 0 0 0 1 -0.54694413860398849 0.83716910433122227 0</Rotation>
<Translation>-0.016089268306127384 -0.22774103840837576 0.040649351392904182</Translation>
</Transform>
</Instance>
<Instance name="uniball-Cuerpo-1" uid="uniball-Cuerpo-1" grounded="true" entityUid="uniball-Cuerpo*:*Predeterminado">
<Transform>
<Rotation>1 0 0 0 1 0 0 0 1</Rotation>
<Translation>-0.016089268306127377 0.011758961591624317 0.040649351392904168</Translation>
</Transform>
</Instance>
<Instance name="uniball-Cuerpo-2" uid="uniball-Cuerpo-2" entityUid="uniball-Cuerpo*:*Predeterminado">
<Transform>
<Rotation>-1.0000000000000002 0 -2.6020852139652106e-016 0 -1 0 -1.8735013540549517e-016 0 0.99999999999999989</Rotation>
<Translation>-0.01608926830612737 -0.26324103840837565 0.040649351392904154</Translation>
</Transform>
</Instance>
<Instance name="Acople-Antebrazo-RUniball-2" uid="Acople-Antebrazo-RUniball-2" entityUid="Acople-Antebrazo-RUniball*:*Predeterminado">
<Transform>
<Rotation>-0.83716910433122238 -0.54694413860398861 0 0 0 1 -0.54694413860398849 0.83716910433122227 0</Rotation>
<Translation>-0.016089268306127377 -0.051741038408375684 0.040649351392904168</Translation>
</Transform>
</Instance>
<Instance name="Acople-Antebrazo-RUniball-1" uid="Acople-Antebrazo-RUniball-1" entityUid="Acople-Antebrazo-RUniball*:*Predeterminado">
<Transform>
<Rotation>-0.83716910433122238 0.54694413860398861 0 0 0 -1 -0.54694413860398849 -0.83716910433122227 0</Rotation>
<Translation>-0.016089268306127391 -0.19974103840837579 0.040649351392904182</Translation>
</Transform>
</Instance>
</Instance>
<Instance name="AntebrazoCompleto-6" uid="AntebrazoCompleto-6" entityUid="AntebrazoCompleto" rigid="true">
<Transform>
<Rotation>0.98881642350146925 -0.14890271815125114 -0.0083702533373946064 0.14746516419996916 0.96780338513278075 0.20398684534304395 -0.022273436224328674 -0.2029398636362503 0.97893784572160725</Rotation>
<Translation>-0.050911529599284029 -0.12204848404349593 -0.10856891322943836</Translation>
</Transform>
<Instance name="Antebrazo-1" uid="Antebrazo-1" entityUid="Antebrazo*:*Predeterminado">
<Transform>
<Rotation>-0.83716910433122216 -0.54694413860398872 0 0 0 0.99999999999999989 -0.54694413860398872 0.83716910433122205 0</Rotation>
<Translation>-0.016089268306127405 -0.22774103840837573 0.040649351392904196</Translation>
</Transform>
</Instance>
<Instance name="uniball-Cuerpo-1" uid="uniball-Cuerpo-1" grounded="true" entityUid="uniball-Cuerpo*:*Predeterminado">
<Transform>
<Rotation>1 0 0 0 1 0 0 0 1</Rotation>
<Translation>-0.016089268306127405 0.011758961591624331 0.040649351392904209</Translation>
</Transform>
</Instance>
<Instance name="uniball-Cuerpo-2" uid="uniball-Cuerpo-2" entityUid="uniball-Cuerpo*:*Predeterminado">
<Transform>
<Rotation>-1 0 -2.2204460492503131e-016 0 -1.0000000000000002 0 -2.2204460492503131e-016 0 1</Rotation>
<Translation>-0.016089268306127391 -0.2632410384083757 0.040649351392904223</Translation>
</Transform>
</Instance>
<Instance name="Acople-Antebrazo-RUniball-2" uid="Acople-Antebrazo-RUniball-2" entityUid="Acople-Antebrazo-RUniball*:*Predeterminado">
<Transform>
<Rotation>-0.83716910433122216 -0.54694413860398872 0 0 0 0.99999999999999989 -0.54694413860398872 0.83716910433122205 0</Rotation>
<Translation>-0.016089268306127377 -0.051741038408375697 0.040649351392904196</Translation>
</Transform>
</Instance>
<Instance name="Acople-Antebrazo-RUniball-1" uid="Acople-Antebrazo-RUniball-1" entityUid="Acople-Antebrazo-RUniball*:*Predeterminado">
<Transform>
<Rotation>-0.83716910433122216 0.54694413860398872 0 0 0 -0.99999999999999989 -0.54694413860398872 -0.83716910433122205 0</Rotation>
<Translation>-0.016089268306127377 -0.1997410384083757 0.040649351392904209</Translation>
</Transform>
</Instance>
</Instance>
<Instance name="BaseMovilCompleta-1" uid="BaseMovilCompleta-1" entityUid="BaseMovilCompleta" rigid="true">
<Transform>
<Rotation>-0.49957951444290483 0.86529710143571714 -0.041002865703970298 -0.02050143285198849 0.035509523327598089 0.99915902888582375 0.86602540378444259 0.49999999999999312 4.1724472375482533e-015</Rotation>
<Translation>0.0072985061971281226 -0.4492193952975343 -0.0031297643161098971</Translation>
</Transform>
<Instance name="acopleBaseMovilAntebrazo-2" uid="acopleBaseMovilAntebrazo-2" entityUid="acopleBaseMovilAntebrazo" rigid="true">
<Transform>
<Rotation>0.50000000000000011 0 -0.86602540378443849 -0.86602540378443849 0 -0.50000000000000011 0 1 0</Rotation>
<Translation>0.036541511008799869 0.063368052456481805 0.072038766313154701</Translation>
</Transform>
<Instance name="ball_Uniball-2" uid="ball_Uniball-2" entityUid="ball_Uniball*:*?? ?????????">
<Transform>
<Rotation>1 0 0 0 1 0 0 0 1</Rotation>
<Translation>-0.0039841905829632734 0.0076658901115672085 0.033337997214089574</Translation>
</Transform>
</Instance>
<Instance name="ball_Uniball-1" uid="ball_Uniball-1" entityUid="ball_Uniball*:*?? ?????????">
<Transform>
<Rotation>1 0 0 0 1 0 0 0 1</Rotation>
<Translation>-0.0039841905829632804 0.0076658901115671529 0.081437997214089577</Translation>
</Transform>
</Instance>
<Instance name="Acople-RUniball-BaseMovil-1" uid="Acople-RUniball-BaseMovil-1" entityUid="Acople-RUniball-BaseMovil*:*Predeterminado">
<Transform>
<Rotation>1 0 0 0 1 0 0 0 1</Rotation>
<Translation>-0.0039841905829632769 0.0076658901115671529 0.029637997214089575</Translation>
</Transform>
</Instance>
</Instance>
<Instance name="acopleBaseMovilAntebrazo-3" uid="acopleBaseMovilAntebrazo-3" entityUid="acopleBaseMovilAntebrazo" rigid="true">
<Transform>
<Rotation>0.5 0 0.8660254037844386 0.86602540378443882 1.2415755801723487e-016 -0.5 -1.1621016968315987e-016 1 0</Rotation>
<Translation>-0.062800542064944495 0.010505559499579681 0.072038766313154701</Translation>
</Transform>
<Instance name="ball_Uniball-2" uid="ball_Uniball-2" entityUid="ball_Uniball*:*?? ?????????">
<Transform>
<Rotation>1 0 0 0 1 0 0 0 1</Rotation>
<Translation>-0.0039841905829632804 0.007665890111567264 0.033337997214089587</Translation>
</Transform>
</Instance>
<Instance name="ball_Uniball-1" uid="ball_Uniball-1" entityUid="ball_Uniball*:*?? ?????????">
<Transform>
<Rotation>1 0 0 0 1 0 0 0 1</Rotation>
<Translation>-0.0039841905829632734 0.007665890111567264 0.081437997214089564</Translation>
</Transform>
</Instance>
<Instance name="Acople-RUniball-BaseMovil-1" uid="Acople-RUniball-BaseMovil-1" entityUid="Acople-RUniball-BaseMovil*:*Predeterminado">
<Transform>
<Rotation>1 0 0 0 1 0 0 0 1</Rotation>
<Translation>-0.0039841905829632734 0.0076658901115672085 0.029637997214089586</Translation>
</Transform>
</Instance>
</Instance>
<Instance name="BaseMovil-1" uid="BaseMovil-1" grounded="true" entityUid="BaseMovil*:*Predeterminado">
<Transform>
<Rotation>1 0 0 0 1 0 0 0 1</Rotation>
<Translation>0.0021349368629441645 0.0082920615661556847 0.070704656424721901</Translation>
</Transform>
</Instance>
<Instance name="acopleBaseMovilAntebrazo-1" uid="acopleBaseMovilAntebrazo-1" entityUid="acopleBaseMovilAntebrazo" rigid="true">
<Transform>
<Rotation>1 1.4049629834680204e-016 1.1102230246251565e-016 1.1102230246251565e-016 0 -1 -1.4049629834680204e-016 1 0</Rotation>
<Translation>0.040619127445907448 0.065680058780245271 0.072038766313154645</Translation>
</Transform>
<Instance name="ball_Uniball-2" uid="ball_Uniball-2" entityUid="ball_Uniball*:*?? ?????????">
<Transform>
<Rotation>1 0 0 0 1 0 0 0 1</Rotation>
<Translation>-0.0039841905829632734 0.0076658901115671529 0.033337997214089587</Translation>
</Transform>
</Instance>
<Instance name="ball_Uniball-1" uid="ball_Uniball-1" entityUid="ball_Uniball*:*?? ?????????">
<Transform>
<Rotation>1 0 0 0 1 0 0 0 1</Rotation>
<Translation>-0.0039841905829632804 0.007665890111567264 0.081437997214089591</Translation>
</Transform>
</Instance>
<Instance name="Acople-RUniball-BaseMovil-1" uid="Acople-RUniball-BaseMovil-1" entityUid="Acople-RUniball-BaseMovil*:*Predeterminado">
<Transform>
<Rotation>1 0 0 0 1 0 0 0 1</Rotation>
<Translation>-0.0039841905829632804 0.007665890111567264 0.029637997214089586</Translation>
</Transform>
</Instance>
</Instance>
</Instance>
<Instance name="BaseCompleta-1" uid="BaseCompleta-1" entityUid="BaseCompleta*:*Predeterminado">
<Transform>
<Rotation>0.99915902888582375 -2.2375726585346961e-016 0.041002865703971693 0.041002865703971693 -3.4867322860827247e-015 -0.99915902888582375 3.6653510812757472e-016 1 -3.474625355825247e-015</Rotation>
<Translation>0 0 0</Translation>
</Transform>
</Instance>
<Instance name="AntebrazoCompleto-1" uid="AntebrazoCompleto-1" entityUid="AntebrazoCompleto" rigid="true">
<Transform>
<Rotation>0.98237040774749396 0.18694433727509735 -0.000443556983344364 -0.18692948949186911 0.98231728291581899 0.010493885991008981 0.0023974862527267344 -0.010225969179386092 0.99994483928565292</Rotation>
<Translation>0.10962310149375754 -0.11276529572108096 -0.016438288567246023</Translation>
</Transform>
<Instance name="Antebrazo-1" uid="Antebrazo-1" entityUid="Antebrazo*:*Predeterminado">
<Transform>
<Rotation>-0.83716910433122227 -0.54694413860398849 0 0 0 1 -0.54694413860398849 0.83716910433122238 0</Rotation>
<Translation>-0.016089268306127405 -0.22774103840837578 0.040649351392904182</Translation>
</Transform>
</Instance>
<Instance name="uniball-Cuerpo-1" uid="uniball-Cuerpo-1" grounded="true" entityUid="uniball-Cuerpo*:*Predeterminado">
<Transform>
<Rotation>1 0 0 0 1 0 0 0 1</Rotation>
<Translation>-0.016089268306127405 0.011758961591624317 0.040649351392904182</Translation>
</Transform>
</Instance>
<Instance name="uniball-Cuerpo-2" uid="uniball-Cuerpo-2" entityUid="uniball-Cuerpo*:*Predeterminado">
<Transform>
<Rotation>-1 0 -1.8171228410857047e-016 0 -1 0 -1.8171228410857047e-016 0 1</Rotation>
<Translation>-0.016089268306127391 -0.26324103840837587 0.040649351392904182</Translation>
</Transform>
</Instance>
<Instance name="Acople-Antebrazo-RUniball-2" uid="Acople-Antebrazo-RUniball-2" entityUid="Acople-Antebrazo-RUniball*:*Predeterminado">
<Transform>
<Rotation>-0.83716910433122227 -0.54694413860398849 0 0 0 1 -0.54694413860398849 0.83716910433122238 0</Rotation>
<Translation>-0.016089268306127391 -0.051741038408375697 0.040649351392904182</Translation>
</Transform>
</Instance>
<Instance name="Acople-Antebrazo-RUniball-1" uid="Acople-Antebrazo-RUniball-1" entityUid="Acople-Antebrazo-RUniball*:*Predeterminado">
<Transform>
<Rotation>-0.83716910433122227 0.54694413860398849 0 0 0 -1 -0.54694413860398849 -0.83716910433122238 0</Rotation>
<Translation>-0.016089268306127405 -0.19974103840837576 0.040649351392904182</Translation>
</Transform>
</Instance>
</Instance>
<Instance name="AntebrazoCompleto-2" uid="AntebrazoCompleto-2" entityUid="AntebrazoCompleto" rigid="true">
<Transform>
<Rotation>0.98237035334606859 0.18694433727509874 0.00055102404161151545 -0.18694001800914575 0.98231728291581855 0.010304627680022873 0.0013851113531313975 -0.010225969179386077 0.99994675409287748</Rotation>
<Translation>0.10958267154490625 -0.11275777188963296 -0.064554654774303735</Translation>
</Transform>
<Instance name="Antebrazo-1" uid="Antebrazo-1" entityUid="Antebrazo*:*Predeterminado">
<Transform>
<Rotation>-0.83716910433122216 -0.54694413860398872 0 0 0 1 -0.54694413860398861 0.83716910433122227 0</Rotation>
<Translation>-0.016089268306127363 -0.2277410384083757 0.040649351392904175</Translation>
</Transform>
</Instance>
<Instance name="uniball-Cuerpo-1" uid="uniball-Cuerpo-1" grounded="true" entityUid="uniball-Cuerpo*:*Predeterminado">
<Transform>
<Rotation>1 0 0 0 1 0 0 0 1</Rotation>
<Translation>-0.016089268306127391 0.011758961591624317 0.040649351392904168</Translation>
</Transform>
</Instance>
<Instance name="uniball-Cuerpo-2" uid="uniball-Cuerpo-2" entityUid="uniball-Cuerpo*:*Predeterminado">
<Transform>
<Rotation>-1 0 -2.2226144535952841e-016 0 -0.99999999999999978 0 -2.2182776449053421e-016 0 0.99999999999999989</Rotation>
<Translation>-0.016089268306127363 -0.26324103840837576 0.040649351392904168</Translation>
</Transform>
</Instance>
<Instance name="Acople-Antebrazo-RUniball-2" uid="Acople-Antebrazo-RUniball-2" entityUid="Acople-Antebrazo-RUniball*:*Predeterminado">
<Transform>
<Rotation>-0.83716910433122216 -0.54694413860398872 0 0 0 1 -0.54694413860398861 0.83716910433122227 0</Rotation>
<Translation>-0.016089268306127377 -0.051741038408375711 0.040649351392904168</Translation>
</Transform>
</Instance>
<Instance name="Acople-Antebrazo-RUniball-1" uid="Acople-Antebrazo-RUniball-1" entityUid="Acople-Antebrazo-RUniball*:*Predeterminado">
<Transform>
<Rotation>-0.83716910433122216 0.54694413860398872 0 0 0 -1 -0.54694413860398861 -0.83716910433122227 0</Rotation>
<Translation>-0.016089268306127363 -0.19974103840837568 0.040649351392904168</Translation>
</Transform>
</Instance>
</Instance>
<Instance name="AntebrazoCompleto-3" uid="AntebrazoCompleto-3" entityUid="AntebrazoCompleto" rigid="true">
<Transform>
<Rotation>0.98809725061844356 -0.15335856260302505 0.012040539714095248 0.15284065890699619 0.9698622718019223 -0.18975485954275176 0.017422867305581572 0.18933653902918018 0.98175766800331321</Rotation>
<Translation>-0.052868921167767695 -0.10541233589152631 0.030931708356403187</Translation>
</Transform>
<Instance name="Antebrazo-1" uid="Antebrazo-1" entityUid="Antebrazo*:*Predeterminado">
<Transform>
<Rotation>-0.83716910433122227 -0.54694413860398883 0 0 0 1 -0.54694413860398861 0.83716910433122227 0</Rotation>
<Translation>-0.016089268306127377 -0.22774103840837578 0.040649351392904182</Translation>
</Transform>
</Instance>
<Instance name="uniball-Cuerpo-1" uid="uniball-Cuerpo-1" grounded="true" entityUid="uniball-Cuerpo*:*Predeterminado">
<Transform>
<Rotation>1 0 0 0 1 0 0 0 1</Rotation>
<Translation>-0.016089268306127377 0.011758961591624317 0.040649351392904168</Translation>
</Transform>
</Instance>
<Instance name="uniball-Cuerpo-2" uid="uniball-Cuerpo-2" entityUid="uniball-Cuerpo*:*Predeterminado">
<Transform>
<Rotation>-0.99999999999999989 0 -2.8796409701214998e-016 0 -1 0 -1.5959455978986625e-016 0 0.99999999999999989</Rotation>
<Translation>-0.016089268306127391 -0.26324103840837576 0.040649351392904168</Translation>
</Transform>
</Instance>
<Instance name="Acople-Antebrazo-RUniball-2" uid="Acople-Antebrazo-RUniball-2" entityUid="Acople-Antebrazo-RUniball*:*Predeterminado">
<Transform>
<Rotation>-0.83716910433122227 -0.54694413860398883 0 0 0 1 -0.54694413860398861 0.83716910433122227 0</Rotation>
<Translation>-0.016089268306127363 -0.05174103840837567 0.040649351392904182</Translation>
</Transform>
</Instance>
<Instance name="Acople-Antebrazo-RUniball-1" uid="Acople-Antebrazo-RUniball-1" entityUid="Acople-Antebrazo-RUniball*:*Predeterminado">
<Transform>
<Rotation>-0.83716910433122227 0.54694413860398883 0 0 0 -1 -0.54694413860398861 -0.83716910433122227 0</Rotation>
<Translation>-0.016089268306127377 -0.19974103840837576 0.040649351392904168</Translation>
</Transform>
</Instance>
</Instance>
<Instance name="BrazoCompleto-1" uid="BrazoCompleto-1" entityUid="BrazoCompleto" rigid="true">
<Transform>
<Rotation>0.49222452196777433 0.094741470436922978 0.86529710143571237 -0.24872537239272938 0.96792291164180266 0.035509523327599456 -0.83417666540229618 -0.23270000193017809 0.500000000000001</Rotation>
<Translation>-0.043071944051151938 -0.099842531094885625 0.080236549421269107</Translation>
</Transform>
<Instance name="Eje-Base-Brazo-1" uid="Eje-Base-Brazo-1" entityUid="Eje-Base-Brazo*:*Predeterminado">
<Transform>
<Rotation>-1 0 0 0 1 0 2.2204460492503131e-016 0 -1</Rotation>
<Translation>-0.0060000000000000053 0.12497640195117156 0.02604999999999999</Translation>
</Transform>
</Instance>
<Instance name="ball_Uniball-1" uid="ball_Uniball-1" entityUid="ball_Uniball*:*?? ?????????">
<Transform>
<Rotation>0.92372802134706811 0.38304900806323772 1.963586004998063e-016 -0.38304900806323772 0.92372802134706811 0 -1.6653345369377346e-016 -1.1102230246251564e-016 0.99999999999999989</Rotation>
<Translation>-0.0060000000000000053 -0.005023598048828487 0.02084999999999999</Translation>
</Transform>
</Instance>
<Instance name="ball_Uniball-2" uid="ball_Uniball-2" entityUid="ball_Uniball*:*?? ?????????">
<Transform>
<Rotation>-1 0 -1.110223024625156e-016 0 1 1.9428902930940239e-016 1.110223024625156e-016 1.9428902930940239e-016 -1</Rotation>
<Translation>-0.0059999999999999915 -0.005023598048828487 -0.02725000000000001</Translation>
</Transform>
</Instance>
<Instance name="Acople-Brazo-RUniball-1" uid="Acople-Brazo-RUniball-1" entityUid="Acople-Brazo-RUniball*:*Predeterminado">
<Transform>
<Rotation>-1 0 0 0 1 0 2.2204460492503131e-016 0 -1</Rotation>
<Translation>-0.0060000000000000053 -0.005023598048828487 0.024549999999999988</Translation>
</Transform>
</Instance>
<Instance name="Brazo-1" uid="Brazo-1" entityUid="Brazo*:*Predeterminado">
<Transform>
<Rotation>-1 0 0 0 1 0 2.2204460492503131e-016 0 -1</Rotation>
<Translation>-0.0060000000000000053 0.044827213017679488 0</Translation>
</Transform>
</Instance>
</Instance>
<Instance name="BrazoCompleto-2" uid="BrazoCompleto-2" entityUid="BrazoCompleto" rigid="true">
<Transform>
<Rotation>-0.95506631144261178 -0.29639220763610602 2.2375726585432759e-016 -0.29639220763610602 0.95506631144261178 3.4867322860914192e-015 -1.2471433062687017e-015 3.2637406334640128e-015 -1</Rotation>
<Translation>0.088778368220994761 -0.094760620137749163 -0.0032000000000003163</Translation>
</Transform>
<Instance name="Eje-Base-Brazo-1" uid="Eje-Base-Brazo-1" entityUid="Eje-Base-Brazo*:*Predeterminado">
<Transform>
<Rotation>-1.0000000000000002 0 0 0 1.0000000000000002 0 0 0 -1</Rotation>
<Translation>-0.0060000000000000123 0.12497640195117163 0.02605</Translation>
</Transform>
</Instance>
<Instance name="ball_Uniball-1" uid="ball_Uniball-1" entityUid="ball_Uniball*:*?? ?????????">
<Transform>
<Rotation>0.92372802134706822 0.38304900806323783 0 -0.38304900806323783 0.92372802134706822 0 0 0 0.99999999999999978</Rotation>
<Translation>-0.0060000000000000123 -0.005023598048828487 0.020850000000000004</Translation>
</Transform>
</Instance>
<Instance name="ball_Uniball-2" uid="ball_Uniball-2" entityUid="ball_Uniball*:*?? ?????????">
<Transform>
<Rotation>-1 0 0 0 1 2.1044559700906109e-016 0 2.1044559700906109e-016 -1</Rotation>
<Translation>-0.0060000000000000123 -0.0050235980488284732 -0.027249999999999996</Translation>
</Transform>
</Instance>
<Instance name="Acople-Brazo-RUniball-1" uid="Acople-Brazo-RUniball-1" entityUid="Acople-Brazo-RUniball*:*Predeterminado">
<Transform>
<Rotation>-1.0000000000000002 0 0 0 1.0000000000000002 0 0 0 -1</Rotation>
<Translation>-0.0060000000000000261 -0.005023598048828487 0.024550000000000002</Translation>
</Transform>
</Instance>
<Instance name="Brazo-1" uid="Brazo-1" entityUid="Brazo*:*Predeterminado">
<Transform>
<Rotation>-1.0000000000000002 0 0 0 1.0000000000000002 0 0 0 -1</Rotation>
<Translation>-0.0060000000000000123 0.044827213017679488 0</Translation>
</Transform>
</Instance>
</Instance>
<Instance name="BrazoCompleto-3" uid="BrazoCompleto-3" entityUid="BrazoCompleto" rigid="true">
<Transform>
<Rotation>0.49386980964978561 0.085752768838315604 -0.86529710143571315 -0.23103938642124652 0.97229618721619027 -0.035509523327602932 0.83828003258969397 0.21745479291434813 0.49999999999999944</Rotation>
<Translation>-0.047476598190241706 -0.10051023237438091 -0.075106637848352517</Translation>
</Transform>
<Instance name="Eje-Base-Brazo-1" uid="Eje-Base-Brazo-1" entityUid="Eje-Base-Brazo*:*Predeterminado">
<Transform>
<Rotation>-0.99999999999999989 2.2204460492503131e-016 0 2.2204460492503131e-016 1 0 0 0 -0.99999999999999989</Rotation>
<Translation>-0.0060000000000000331 0.12497640195117161 0.026049999999999997</Translation>
</Transform>
</Instance>
<Instance name="ball_Uniball-1" uid="ball_Uniball-1" entityUid="ball_Uniball*:*?? ?????????">
<Transform>
<Rotation>0.923728021347068 0.38304900806323794 0 -0.38304900806323827 0.92372802134706811 0 -1.6653345369377348e-016 0 0.99999999999999989</Rotation>
<Translation>-0.0060000000000000053 -0.005023598048828487 0.02085</Translation>
</Transform>
</Instance>
<Instance name="ball_Uniball-2" uid="ball_Uniball-2" entityUid="ball_Uniball*:*?? ?????????">
<Transform>
<Rotation>-0.99999999999999989 1.6653345369377351e-016 0 1.6653345369377348e-016 1 2.0816681711721678e-016 0 2.081668171172168e-016 -0.99999999999999989</Rotation>
<Translation>-0.0059999999999999915 -0.005023598048828487 -0.027249999999999993</Translation>
</Transform>
</Instance>
<Instance name="Acople-Brazo-RUniball-1" uid="Acople-Brazo-RUniball-1" entityUid="Acople-Brazo-RUniball*:*Predeterminado">
<Transform>
<Rotation>-0.99999999999999989 2.2204460492503131e-016 0 2.2204460492503131e-016 1 0 0 0 -0.99999999999999989</Rotation>
<Translation>-0.0059999999999999915 -0.005023598048828487 0.024549999999999988</Translation>
</Transform>
</Instance>
<Instance name="Brazo-1" uid="Brazo-1" entityUid="Brazo*:*Predeterminado">
<Transform>
<Rotation>-0.99999999999999989 2.2204460492503131e-016 0 2.2204460492503131e-016 1 0 0 0 -0.99999999999999989</Rotation>
<Translation>-0.0060000000000000053 0.044827213017679501 0</Translation>
</Transform>
</Instance>
</Instance>
</InstanceTree>
<Constraints>
<Concentric name="Concéntrica4">
<ConstraintGeometry geomType="sphere">
<InstancePath>
<Uid>BrazoCompleto-1</Uid>
<Uid>ball_Uniball-1</Uid>
</InstancePath>
<Position>0 0 0</Position>
</ConstraintGeometry>
<ConstraintGeometry geomType="sphere">
<InstancePath>
<Uid>AntebrazoCompleto-4</Uid>
<Uid>uniball-Cuerpo-1</Uid>
</InstancePath>
<Position>0 0 0</Position>
</ConstraintGeometry>
</Concentric>
<Concentric name="Concéntrica5">
<ConstraintGeometry geomType="sphere">
<InstancePath>
<Uid>BrazoCompleto-1</Uid>
<Uid>ball_Uniball-2</Uid>
</InstancePath>
<Position>0 0 0</Position>
</ConstraintGeometry>
<ConstraintGeometry geomType="sphere">
<InstancePath>
<Uid>AntebrazoCompleto-3</Uid>
<Uid>uniball-Cuerpo-1</Uid>
</InstancePath>
<Position>0 0 0</Position>
</ConstraintGeometry>
</Concentric>
<Concentric name="Concéntrica6">
<ConstraintGeometry geomType="sphere">
<InstancePath>
<Uid>BrazoCompleto-2</Uid>
<Uid>ball_Uniball-2</Uid>
</InstancePath>
<Position>0 0 0</Position>
</ConstraintGeometry>
<ConstraintGeometry geomType="sphere">
<InstancePath>
<Uid>AntebrazoCompleto-1</Uid>
<Uid>uniball-Cuerpo-1</Uid>
</InstancePath>
<Position>0 0 0</Position>
</ConstraintGeometry>
</Concentric>
<Concentric name="Concéntrica7">
<ConstraintGeometry geomType="sphere">
<InstancePath>
<Uid>BrazoCompleto-2</Uid>
<Uid>ball_Uniball-1</Uid>
</InstancePath>
<Position>0 0 0</Position>
</ConstraintGeometry>
<ConstraintGeometry geomType="sphere">
<InstancePath>
<Uid>AntebrazoCompleto-2</Uid>
<Uid>uniball-Cuerpo-1</Uid>
</InstancePath>
<Position>0 0 0</Position>
</ConstraintGeometry>
</Concentric>
<Concentric name="Concéntrica8">
<ConstraintGeometry geomType="sphere">
<InstancePath>
<Uid>BrazoCompleto-3</Uid>
<Uid>ball_Uniball-2</Uid>
</InstancePath>
<Position>0 0 0</Position>
</ConstraintGeometry>
<ConstraintGeometry geomType="sphere">
<InstancePath>
<Uid>AntebrazoCompleto-5</Uid>
<Uid>uniball-Cuerpo-1</Uid>
</InstancePath>
<Position>0 0 0</Position>
</ConstraintGeometry>
</Concentric>
<Concentric name="Concéntrica9">
<ConstraintGeometry geomType="sphere">
<InstancePath>
<Uid>BrazoCompleto-3</Uid>
<Uid>ball_Uniball-1</Uid>
</InstancePath>
<Position>0 0 0</Position>
</ConstraintGeometry>
<ConstraintGeometry geomType="sphere">
<InstancePath>
<Uid>AntebrazoCompleto-6</Uid>
<Uid>uniball-Cuerpo-1</Uid>
</InstancePath>
<Position>0 0 0</Position>
</ConstraintGeometry>
</Concentric>
<Concentric name="Concéntrica10">
<ConstraintGeometry geomType="sphere">
<InstancePath>
<Uid>AntebrazoCompleto-5</Uid>
<Uid>uniball-Cuerpo-2</Uid>
</InstancePath>
<Position>0 0 0</Position>
</ConstraintGeometry>
<ConstraintGeometry geomType="sphere">
<InstancePath>
<Uid>BaseMovilCompleta-1</Uid>
<Uid>acopleBaseMovilAntebrazo-3</Uid>
<Uid>ball_Uniball-2</Uid>
</InstancePath>
<Position>0 0 0</Position>
</ConstraintGeometry>
</Concentric>
<Concentric name="Concéntrica11">
<ConstraintGeometry geomType="sphere">
<InstancePath>
<Uid>AntebrazoCompleto-6</Uid>
<Uid>uniball-Cuerpo-2</Uid>
</InstancePath>
<Position>0 0 0</Position>
</ConstraintGeometry>
<ConstraintGeometry geomType="sphere">
<InstancePath>
<Uid>BaseMovilCompleta-1</Uid>
<Uid>acopleBaseMovilAntebrazo-3</Uid>
<Uid>ball_Uniball-1</Uid>
</InstancePath>
<Position>0 0 0</Position>
</ConstraintGeometry>
</Concentric>
<Concentric name="Concéntrica12">
<ConstraintGeometry geomType="sphere">
<InstancePath>
<Uid>AntebrazoCompleto-3</Uid>
<Uid>uniball-Cuerpo-2</Uid>
</InstancePath>
<Position>0 0 0</Position>
</ConstraintGeometry>
<ConstraintGeometry geomType="sphere">
<InstancePath>
<Uid>BaseMovilCompleta-1</Uid>
<Uid>acopleBaseMovilAntebrazo-1</Uid>
<Uid>ball_Uniball-1</Uid>
</InstancePath>
<Position>0 0 0</Position>
</ConstraintGeometry>
</Concentric>
<Concentric name="Concéntrica13">
<ConstraintGeometry geomType="sphere">
<InstancePath>
<Uid>AntebrazoCompleto-2</Uid>
<Uid>uniball-Cuerpo-2</Uid>
</InstancePath>
<Position>0 0 0</Position>
</ConstraintGeometry>
<ConstraintGeometry geomType="sphere">
<InstancePath>
<Uid>BaseMovilCompleta-1</Uid>
<Uid>acopleBaseMovilAntebrazo-2</Uid>
<Uid>ball_Uniball-1</Uid>
</InstancePath>
<Position>0 0 0</Position>
</ConstraintGeometry>
</Concentric>
<Concentric name="Concéntrica14">
<ConstraintGeometry geomType="sphere">
<InstancePath>
<Uid>AntebrazoCompleto-1</Uid>
<Uid>uniball-Cuerpo-2</Uid>
</InstancePath>
<Position>0 0 0</Position>
</ConstraintGeometry>
<ConstraintGeometry geomType="sphere">
<InstancePath>
<Uid>BaseMovilCompleta-1</Uid>
<Uid>acopleBaseMovilAntebrazo-2</Uid>
<Uid>ball_Uniball-2</Uid>
</InstancePath>
<Position>0 0 0</Position>
</ConstraintGeometry>
</Concentric>
<Concentric name="Concéntrica15">
<ConstraintGeometry geomType="sphere">
<InstancePath>
<Uid>AntebrazoCompleto-4</Uid>
<Uid>uniball-Cuerpo-2</Uid>
</InstancePath>
<Position>0 0 0</Position>
</ConstraintGeometry>
<ConstraintGeometry geomType="sphere">
<InstancePath>
<Uid>BaseMovilCompleta-1</Uid>
<Uid>acopleBaseMovilAntebrazo-1</Uid>
<Uid>ball_Uniball-2</Uid>
</InstancePath>
<Position>0 0 0</Position>
</ConstraintGeometry>
</Concentric>
<Coincident name="Coincidente10">
<ConstraintGeometry geomType="point">
<InstancePath>
<Uid>BaseCompleta-1</Uid>
</InstancePath>
<Position>0 0 0</Position>
</ConstraintGeometry>
<ConstraintGeometry geomType="point">
<InstancePath>
<Uid>RDTesis</Uid>
</InstancePath>
<Position>0 0 0</Position>
</ConstraintGeometry>
</Coincident>
<Coincident name="Coincidente11">
<ConstraintGeometry geomType="plane">
<InstancePath>
<Uid>BaseCompleta-1</Uid>
</InstancePath>
<Position>-0.044010734985004046 0.049934600438418464 0</Position>
<Axis>0.86602540378443849 0.50000000000000056 0</Axis>
</ConstraintGeometry>
<ConstraintGeometry geomType="plane">
<InstancePath>
<Uid>BrazoCompleto-1</Uid>
<Uid>Eje-Base-Brazo-1</Uid>
</InstancePath>
<Position>0 0 0.0385</Position>
<Axis>0 0 1</Axis>
</ConstraintGeometry>
</Coincident>
<Coincident name="Coincidente12">
<ConstraintGeometry geomType="plane">
<InstancePath>
<Uid>BaseCompleta-1</Uid>
</InstancePath>
<Position>0.058499999999999996 0.0092499999999999978 0</Position>
<Axis>0 -1 0</Axis>
</ConstraintGeometry>
<ConstraintGeometry geomType="plane">
<InstancePath>
<Uid>BrazoCompleto-2</Uid>
<Uid>Eje-Base-Brazo-1</Uid>
</InstancePath>
<Position>0 0 0.0385</Position>
<Axis>0 0 1</Axis>
</ConstraintGeometry>
</Coincident>
<Coincident name="Coincidente13">
<ConstraintGeometry geomType="plane">
<InstancePath>
<Uid>BaseCompleta-1</Uid>
</InstancePath>
<Position>-0.027989265014991931 -0.05918460043841843 0</Position>
<Axis>-0.86602540378443882 0.49999999999999972 0</Axis>
</ConstraintGeometry>
<ConstraintGeometry geomType="plane">
<InstancePath>
<Uid>BrazoCompleto-3</Uid>
<Uid>Eje-Base-Brazo-1</Uid>
</InstancePath>
<Position>0 0 0.038499999999999993</Position>
<Axis>0 0 1</Axis>
</ConstraintGeometry>
</Coincident>
<Concentric name="Concéntrica16">
<ConstraintGeometry geomType="circle">
<InstancePath>
<Uid>BaseCompleta-1</Uid>
</InstancePath>
<Position>-0.027989265014991931 -0.059184600438418423 -0.024000000000000007</Position>
<Axis>-0.86602540378443882 0.49999999999999972 0</Axis>
</ConstraintGeometry>
<ConstraintGeometry geomType="cylinder">
<InstancePath>
<Uid>BrazoCompleto-3</Uid>
<Uid>Eje-Base-Brazo-1</Uid>
</InstancePath>
<Position>0 0 0.064500000000000002</Position>
<Axis>0 0 -1</Axis>
</ConstraintGeometry>
</Concentric>
<Concentric name="Concéntrica17">
<ConstraintGeometry geomType="circle">
<InstancePath>
<Uid>BaseCompleta-1</Uid>
</InstancePath>
<Position>-0.044010734985004046 0.049934600438418464 -0.024000000000000014</Position>
<Axis>-0.86602540378443849 -0.50000000000000056 0</Axis>
</ConstraintGeometry>
<ConstraintGeometry geomType="cylinder">
<InstancePath>
<Uid>BrazoCompleto-1</Uid>
<Uid>Eje-Base-Brazo-1</Uid>
</InstancePath>
<Position>0 0 0.064500000000000016</Position>
<Axis>0 0 -1</Axis>
</ConstraintGeometry>
</Concentric>
<Concentric name="Concéntrica18">
<ConstraintGeometry geomType="circle">
<InstancePath>
<Uid>BaseCompleta-1</Uid>
</InstancePath>
<Position>0.058499999999999996 0.0092499999999999978 -0.024000000000000004</Position>
<Axis>0 1 0</Axis>
</ConstraintGeometry>
<ConstraintGeometry geomType="cylinder">
<InstancePath>
<Uid>BrazoCompleto-2</Uid>
<Uid>Eje-Base-Brazo-1</Uid>
</InstancePath>
<Position>0 0 0.064500000000000002</Position>
<Axis>0 0 -1</Axis>
</ConstraintGeometry>
</Concentric>
</Constraints>
</RootAssembly>
<Assemblies>
<Assembly name="AntebrazoCompleto" uid="AntebrazoCompleto" version="153">
<ModelUnits mass="kilogram" length="millimeter"/>
<AssemblyFile name="AntebrazoCompleto.SLDASM" type="SolidWorks Assembly"/>
</Assembly>
<Assembly name="BaseMovilCompleta" uid="BaseMovilCompleta" version="144">
<ModelUnits mass="kilogram" length="millimeter"/>
<AssemblyFile name="BaseMovilCompleta.SLDASM" type="SolidWorks Assembly"/>
</Assembly>
<Assembly name="acopleBaseMovilAntebrazo" uid="acopleBaseMovilAntebrazo" version="115">
<ModelUnits mass="kilogram" length="millimeter"/>
<AssemblyFile name="acopleBaseMovilAntebrazo.SLDASM" type="SolidWorks Assembly"/>
</Assembly>
<Assembly name="BrazoCompleto" uid="BrazoCompleto" version="129">
<ModelUnits mass="kilogram" length="millimeter"/>
<AssemblyFile name="BrazoCompleto.SLDASM" type="SolidWorks Assembly"/>
</Assembly>
</Assemblies>
<Parts>
<Part name="Acople-Antebrazo-RUniball" uid="Acople-Antebrazo-RUniball*:*Predeterminado" version="124">
<ModelUnits mass="kilogram" length="millimeter"/>
<PartFile name="Acople-Antebrazo-RUniball.SLDPRT" type="SolidWorks Part"/>
<MassProperties>
<Mass>0.0084603864125170226</Mass>
<CenterOfMass>0 0 0.021401769914256002</CenterOfMass>
<Inertia>1.528689690565981e-006 1.528689690565981e-006 1.6837442398044505e-007 0 0 0</Inertia>
</MassProperties>
<GeometryFile name="Acople-Antebrazo-RUniball_Predeterminado_sldprt.STL" type="STL"/>
<VisualProperties>
<Ambient r="0.89803921568627454" g="0.91764705882352937" b="0.92941176470588238" a="1"/>
<Diffuse r="0.89803921568627454" g="0.91764705882352937" b="0.92941176470588238" a="1"/>
<Specular r="0.44901960784313727" g="0.45882352941176469" b="0.46470588235294119" a="1"/>
<Emissive r="0" g="0" b="0" a="1"/>
<Shininess>0.3125</Shininess>
</VisualProperties>
</Part>
<Part name="Acople-Brazo-RUniball" uid="Acople-Brazo-RUniball*:*Predeterminado" version="177">
<ModelUnits mass="kilogram" length="millimeter"/>
<PartFile name="Acople-Brazo-RUniball.SLDPRT" type="SolidWorks Part"/>
<MassProperties>
<Mass>0.0066380360513841885</Mass>
<CenterOfMass>0 0 0.02858723604766316</CenterOfMass>
<Inertia>1.2931827368049981e-006 1.2931827368049981e-006 9.8334643129579169e-008 0 0 0</Inertia>
</MassProperties>
<GeometryFile name="Acople-Brazo-RUniball_Predeterminado_sldprt.STL" type="STL"/>
<VisualProperties>
<Ambient r="0.89803921568627454" g="0.91764705882352937" b="0.92941176470588238" a="1"/>
<Diffuse r="0.89803921568627454" g="0.91764705882352937" b="0.92941176470588238" a="1"/>
<Specular r="0.44901960784313727" g="0.45882352941176469" b="0.46470588235294119" a="1"/>
<Emissive r="0" g="0" b="0" a="1"/>
<Shininess>0.3125</Shininess>
</VisualProperties>
</Part>
<Part name="Acople-RUniball-BaseMovil" uid="Acople-RUniball-BaseMovil*:*Predeterminado" version="131">
<ModelUnits mass="kilogram" length="millimeter"/>
<PartFile name="Acople-RUniball-BaseMovil.SLDPRT" type="SolidWorks Part"/>
<MassProperties>
<Mass>0.0020423610671578369</Mass>
<CenterOfMass>0 0 0.027749999999999997</CenterOfMass>
<Inertia>4.628235863147586e-007 4.6295047209226319e-007 1.263130726118355e-008 0 0 0</Inertia>
</MassProperties>
<GeometryFile name="Acople-RUniball-BaseMovil_Predeterminado_sldprt.STL" type="STL"/>
<VisualProperties>
<Ambient r="0.792156862745098" g="0.81960784313725488" b="0.93333333333333335" a="1"/>
<Diffuse r="0.792156862745098" g="0.81960784313725488" b="0.93333333333333335" a="1"/>
<Specular r="0.396078431372549" g="0.40980392156862744" b="0.46666666666666667" a="1"/>
<Emissive r="0" g="0" b="0" a="1"/>
<Shininess>0.40000000596046448</Shininess>
</VisualProperties>
</Part>
<Part name="Antebrazo" uid="Antebrazo*:*Predeterminado" version="108">
<ModelUnits mass="kilogram" length="millimeter"/>
<PartFile name="Antebrazo.SLDPRT" type="SolidWorks Part"/>
<MassProperties>
<Mass>0.0078508400413208924</Mass>
<CenterOfMass>0 0 0.10199999999999999</CenterOfMass>
<Inertia>2.7250756460927394e-005 2.7250756460927394e-005 4.8086395253090462e-008 0 0 0</Inertia>
</MassProperties>
<GeometryFile name="Antebrazo_Predeterminado_sldprt.STL" type="STL"/>
<VisualProperties>
<Ambient r="0.792156862745098" g="0.81960784313725488" b="0.93333333333333335" a="1"/>
<Diffuse r="0.792156862745098" g="0.81960784313725488" b="0.93333333333333335" a="1"/>
<Specular r="0.396078431372549" g="0.40980392156862744" b="0.46666666666666667" a="1"/>
<Emissive r="0" g="0" b="0" a="1"/>
<Shininess>0.40000000596046448</Shininess>
</VisualProperties>
</Part>
<Part name="BaseCompleta" uid="BaseCompleta*:*Predeterminado" version="181">
<ModelUnits mass="kilogram" length="millimeter"/>
<PartFile name="BaseCompleta.SLDPRT" type="SolidWorks Part"/>
<MassProperties>
<Mass>0.13810452721903221</Mass>
<CenterOfMass>-0.0045062155923240518 0 -0.0042774865022537764</CenterOfMass>
<Inertia>0.00025859197461879107 0.00025858810647683996 0.00048480194129818651 0 5.8178041696079814e-009 0</Inertia>
</MassProperties>
<GeometryFile name="BaseCompleta_Predeterminado_sldprt.STL" type="STL"/>
<VisualProperties>
<Ambient r="0.792156862745098" g="0.81960784313725488" b="0.93333333333333335" a="1"/>
<Diffuse r="0.792156862745098" g="0.81960784313725488" b="0.93333333333333335" a="1"/>
<Specular r="0.396078431372549" g="0.40980392156862744" b="0.46666666666666667" a="1"/>
<Emissive r="0" g="0" b="0" a="1"/>
<Shininess>0.40000000596046448</Shininess>
</VisualProperties>
</Part>
<Part name="BaseMovil" uid="BaseMovil*:*Predeterminado" version="110">
<ModelUnits mass="kilogram" length="millimeter"/>
<PartFile name="BaseMovil.SLDPRT" type="SolidWorks Part"/>
<MassProperties>
<Mass>0.021812201410511926</Mass>
<CenterOfMass>-4.7405556094976016e-006 -3.566857528184315e-005 0.0060449150976605538</CenterOfMass>
<Inertia>5.5429429917029015e-006 5.5427575163035285e-006 1.0515035910818297e-005 4.4053174989582781e-011 5.7852757263156882e-012 -6.9733115811230416e-010</Inertia>
</MassProperties>
<GeometryFile name="BaseMovil_Predeterminado_sldprt.STL" type="STL"/>
<VisualProperties>
<Ambient r="0.792156862745098" g="0.81960784313725488" b="0.93333333333333335" a="1"/>
<Diffuse r="0.792156862745098" g="0.81960784313725488" b="0.93333333333333335" a="1"/>
<Specular r="0.396078431372549" g="0.40980392156862744" b="0.46666666666666667" a="1"/>
<Emissive r="0" g="0" b="0" a="1"/>
<Shininess>0.40000000596046448</Shininess>
</VisualProperties>
</Part>
<Part name="Brazo" uid="Brazo*:*Predeterminado" version="110">
<ModelUnits mass="kilogram" length="millimeter"/>
<PartFile name="Brazo.SLDPRT" type="SolidWorks Part"/>
<MassProperties>
<Mass>0.039779095334176229</Mass>
<CenterOfMass>0 0.015149188933492064 0.0032000000000000002</CenterOfMass>
<Inertia>9.8902663578429492e-005 1.1255593715349028e-006 9.9756664325816415e-005 0 0 0</Inertia>
</MassProperties>
<GeometryFile name="Brazo_Predeterminado_sldprt.STL" type="STL"/>
<VisualProperties>
<Ambient r="0.89803921568627454" g="0.91764705882352937" b="0.92941176470588238" a="1"/>
<Diffuse r="0.89803921568627454" g="0.91764705882352937" b="0.92941176470588238" a="1"/>
<Specular r="0.44901960784313727" g="0.45882352941176469" b="0.46470588235294119" a="1"/>
<Emissive r="0" g="0" b="0" a="1"/>
<Shininess>0.3125</Shininess>
</VisualProperties>
