<?xml version="1.0" encoding="UTF-8" standalone="no" ?>
<SimMechanicsImportXML version="1.0" xmlns="urn:mathworks:simmechanics:import" xmlns:xsi="http://www.w3.org/2001/XMLSchema-instance">
<Created by="" on="03/14/16||09:49:30" using="SimMechanics Link Version 4.4" from="SolidWorks 23.3.0"/>
<ModelUnits mass="kilogram" length="millimeter"/>
<DataUnits mass="kilogram" length="meter"/>
<RootAssembly name="RobotDelta2" uid="RobotDelta2" version="177">
<AssemblyFile name="RobotDelta2.SLDASM" type="SolidWorks Assembly"/>
<InstanceTree>
<Instance name="BrazoCompleto-1" uid="BrazoCompleto-1" entityUid="BrazoCompleto" rigid="true">
<Transform>
<Rotation>0.45052408369475311 0.21685951676374357 0.86602540378443782 -0.43371903352748331 0.90104816738950522 -1.7208456881689926e-015 -0.78033060299272439 -0.3756117011396341 0.50000000000000133</Rotation>
<Translation>-0.029507929159000461 -0.10775126327906463 0.065815003895473817</Translation>
</Transform>
<Instance name="Brazo-1" uid="Brazo-1" entityUid="Brazo*:*Predeterminado">
<Transform>
<Rotation>-0.92372802134706811 -0.38304900806323794 1.1102230246251565e-016 -0.38304900806323783 0.92372802134706811 0 0 0 -0.99999999999999989</Rotation>
<Translation>-0.020583861757725336 0.047497976516891166 -0.0080500000000000016</Translation>
</Transform>
</Instance>
<Instance name="ball_Uniball-1" uid="ball_Uniball-1" grounded="true" entityUid="ball_Uniball*:*?? ?????????">
<Transform>
<Rotation>1 0 0 0 1 0 0 0 1</Rotation>
<Translation>-0.0014885580275515869 0.0014493854478792312 0.012799999999999999</Translation>
</Transform>
</Instance>
<Instance name="ball_Uniball-2" uid="ball_Uniball-2" entityUid="ball_Uniball*:*?? ?????????">
<Transform>
<Rotation>-0.92372802134706822 -0.38304900806323788 0 -0.38304900806323788 0.92372802134706822 2.2204460492503131e-016 0 2.2898349882893854e-016 -0.99999999999999989</Rotation>
<Translation>-0.00148855802755158 0.0014493854478792589 -0.035299999999999998</Translation>
</Transform>
</Instance>
<Instance name="Acople-Brazo-RUniball-1" uid="Acople-Brazo-RUniball-1" entityUid="Acople-Brazo-RUniball*:*Predeterminado">
<Transform>
<Rotation>-0.92372802134706811 -0.38304900806323794 1.1102230246251565e-016 -0.38304900806323783 0.92372802134706811 0 0 0 -0.99999999999999989</Rotation>
<Translation>-0.0014885580275515939 0.0014493854478792589 0.01649999999999999</Translation>
</Transform>
</Instance>
<Instance name="Eje-Base-Brazo-1" uid="Eje-Base-Brazo-1" entityUid="Eje-Base-Brazo*:*Predeterminado">
<Transform>
<Rotation>-0.92372802134706811 -0.38304900806323794 1.1102230246251565e-016 -0.38304900806323783 0.92372802134706811 0 0 0 -0.99999999999999989</Rotation>
<Translation>-0.05128492907577252 0.12153402822299814 0.017999999999999992</Translation>
</Transform>
</Instance>
</Instance>
<Instance name="BaseCompleta-1" uid="BaseCompleta-1" entityUid="BaseCompleta*:*Predeterminado">
<Transform>
<Rotation>1 0 0 0 -3.4914813388431334e-015 -1 0 1 -3.4914813388431334e-015</Rotation>
<Translation>0 0 0</Translation>
</Transform>
</Instance>
<Instance name="AntebrazoCompleto-3" uid="AntebrazoCompleto-3" entityUid="AntebrazoCompleto" rigid="true">
<Transform>
<Rotation>0.99898325750943018 -0.045007152180241213 0.0026091125832467974 0.045063385038179395 0.99518665413201113 -0.087021921183307274 0.0013200548277389576 0.087051017743375994 0.99620298020287723</Rotation>
<Translation>-0.043938855823134934 -0.11323962132506224 0.007284769286235282</Translation>
</Transform>
<Instance name="uniball-Cuerpo-2" uid="uniball-Cuerpo-2" entityUid="uniball-Cuerpo*:*Predeterminado">
<Transform>
<Rotation>-1 0 -2.2226144535952841e-016 0 -1 0 -2.2226144535952841e-016 0 1</Rotation>
<Translation>-0.016089268306127363 -0.26324103840837576 0.040649351392904182</Translation>
</Transform>
</Instance>
<Instance name="Acople-Antebrazo-RUniball-1" uid="Acople-Antebrazo-RUniball-1" entityUid="Acople-Antebrazo-RUniball*:*Predeterminado">
<Transform>
<Rotation>-0.83716910433122238 0.54694413860398872 0 0 0 -1 -0.54694413860398872 -0.83716910433122238 0</Rotation>
<Translation>-0.016089268306127377 -0.19974103840837573 0.040649351392904182</Translation>
</Transform>
</Instance>
<Instance name="Acople-Antebrazo-RUniball-2" uid="Acople-Antebrazo-RUniball-2" entityUid="Acople-Antebrazo-RUniball*:*Predeterminado">
<Transform>
<Rotation>-0.83716910433122238 -0.54694413860398872 0 0 0 1 -0.54694413860398872 0.83716910433122238 0</Rotation>
<Translation>-0.016089268306127377 -0.051741038408375711 0.040649351392904182</Translation>
</Transform>
</Instance>
<Instance name="uniball-Cuerpo-1" uid="uniball-Cuerpo-1" grounded="true" entityUid="uniball-Cuerpo*:*Predeterminado">
<Transform>
<Rotation>1 0 0 0 1 0 0 0 1</Rotation>
<Translation>-0.016089268306127377 0.011758961591624303 0.040649351392904182</Translation>
</Transform>
</Instance>
<Instance name="Antebrazo-1" uid="Antebrazo-1" entityUid="Antebrazo*:*Predeterminado">
<Transform>
<Rotation>-0.83716910433122238 -0.54694413860398872 0 0 0 1 -0.54694413860398872 0.83716910433122238 0</Rotation>
<Translation>-0.016089268306127377 -0.22774103840837576 0.040649351392904182</Translation>
</Transform>
</Instance>
</Instance>
<Instance name="AntebrazoCompleto-5" uid="AntebrazoCompleto-5" entityUid="AntebrazoCompleto" rigid="true">
<Transform>
<Rotation>0.99974372404455569 -0.022451194149645505 0.0029034659939946496 0.022052382019566726 0.9948189991653944 0.099241379206591471 -0.0051165106065021899 -0.099151917686035304 0.99505915328607253</Rotation>
<Translation>0.0035980161423781101 -0.12127811575096051 -0.10155186207048944</Translation>
</Transform>
<Instance name="uniball-Cuerpo-2" uid="uniball-Cuerpo-2" entityUid="uniball-Cuerpo*:*Predeterminado">
<Transform>
<Rotation>-1 0 -2.211772431870429e-016 0 -1 0 -3.2265856653168612e-016 0 1.0000000000000002</Rotation>
<Translation>-0.016089268306127377 -0.26324103840837565 0.040649351392904209</Translation>
</Transform>
</Instance>
<Instance name="Acople-Antebrazo-RUniball-1" uid="Acople-Antebrazo-RUniball-1" entityUid="Acople-Antebrazo-RUniball*:*Predeterminado">
<Transform>
<Rotation>-0.83716910433122227 0.54694413860398872 0 0 0 -0.99999999999999989 -0.54694413860398883 -0.83716910433122216 0</Rotation>
<Translation>-0.016089268306127377 -0.1997410384083757 0.040649351392904209</Translation>
</Transform>
</Instance>
<Instance name="Acople-Antebrazo-RUniball-2" uid="Acople-Antebrazo-RUniball-2" entityUid="Acople-Antebrazo-RUniball*:*Predeterminado">
<Transform>
<Rotation>-0.83716910433122227 -0.54694413860398872 0 0 0 0.99999999999999989 -0.54694413860398883 0.83716910433122216 0</Rotation>
<Translation>-0.016089268306127377 -0.05174103840837567 0.040649351392904196</Translation>
</Transform>
</Instance>
<Instance name="uniball-Cuerpo-1" uid="uniball-Cuerpo-1" grounded="true" entityUid="uniball-Cuerpo*:*Predeterminado">
<Transform>
<Rotation>1 0 0 0 1 0 0 0 1</Rotation>
<Translation>-0.016089268306127381 0.011758961591624317 0.040649351392904196</Translation>
</Transform>
</Instance>
<Instance name="Antebrazo-1" uid="Antebrazo-1" entityUid="Antebrazo*:*Predeterminado">
<Transform>
<Rotation>-0.83716910433122227 -0.54694413860398872 0 0 0 0.99999999999999989 -0.54694413860398883 0.83716910433122216 0</Rotation>
<Translation>-0.016089268306127377 -0.22774103840837573 0.040649351392904182</Translation>
</Transform>
</Instance>
</Instance>
<Instance name="BaseMovilCompleta-1" uid="BaseMovilCompleta-1" entityUid="BaseMovilCompleta" rigid="true">
<Transform>
<Rotation>-0.50000000000002609 0.86602540378442372 0 -3.8927194800919551e-015 -2.1861852605997711e-015 1 0.86602540378442361 0.50000000000002598 4.4387236941556552e-015</Rotation>
<Translation>-0.016093733850122149 -0.45918066753938003 0.00099531849316361219</Translation>
</Transform>
<Instance name="BaseMovil-1" uid="BaseMovil-1" grounded="true" entityUid="BaseMovil*:*Predeterminado">
<Transform>
<Rotation>1 0 0 0 1 0 0 0 1</Rotation>
<Translation>0.0021349368629441628 0.0082920615661556812 0.070704656424721901</Translation>
</Transform>
</Instance>
<Instance name="acopleBaseMovilAntebrazo-2" uid="acopleBaseMovilAntebrazo-2" entityUid="acopleBaseMovilAntebrazo" rigid="true">
<Transform>
<Rotation>0.50000000000000022 0 -0.86602540378443849 -0.86602540378443849 0 -0.50000000000000022 0 1 0</Rotation>
<Translation>0.036541511008799855 0.063368052456481791 0.072038766313154701</Translation>
</Transform>
<Instance name="Acople-RUniball-BaseMovil-1" uid="Acople-RUniball-BaseMovil-1" entityUid="Acople-RUniball-BaseMovil*:*Predeterminado">
<Transform>
<Rotation>1 0 0 0 1 0 0 0 1</Rotation>
<Translation>-0.0039841905829632838 0.0076658901115672085 0.029637997214089586</Translation>
</Transform>
</Instance>
<Instance name="ball_Uniball-2" uid="ball_Uniball-2" entityUid="ball_Uniball*:*?? ?????????">
<Transform>
<Rotation>1 0 0 0 1 0 0 0 1</Rotation>
<Translation>-0.0039841905829632838 0.0076658901115672085 0.033337997214089587</Translation>
</Transform>
</Instance>
<Instance name="ball_Uniball-1" uid="ball_Uniball-1" entityUid="ball_Uniball*:*?? ?????????">
<Transform>
<Rotation>1 0 0 0 1 0 0 0 1</Rotation>
<Translation>-0.0039841905829632873 0.0076658901115672085 0.081437997214089591</Translation>
</Transform>
</Instance>
</Instance>
<Instance name="acopleBaseMovilAntebrazo-3" uid="acopleBaseMovilAntebrazo-3" entityUid="acopleBaseMovilAntebrazo" rigid="true">
<Transform>
<Rotation>0.49999999999999994 0 0.86602540378443871 0.86602540378443871 1.3287108133449822e-016 -0.49999999999999994 -1.4386694459779401e-016 1 0</Rotation>
<Translation>-0.062800542064944509 0.010505559499579672 0.072038766313154645</Translation>
</Transform>
<Instance name="Acople-RUniball-BaseMovil-1" uid="Acople-RUniball-BaseMovil-1" entityUid="Acople-RUniball-BaseMovil*:*Predeterminado">
<Transform>
<Rotation>1 0 0 0 1 0 0 0 1</Rotation>
<Translation>-0.0039841905829632873 0.0076658901115672085 0.029637997214089593</Translation>
</Transform>
</Instance>
<Instance name="ball_Uniball-2" uid="ball_Uniball-2" entityUid="ball_Uniball*:*?? ?????????">
<Transform>
<Rotation>1 0 0 0 1 0 0 0 1</Rotation>
<Translation>-0.0039841905829632943 0.0076658901115672085 0.033337997214089594</Translation>
</Transform>
</Instance>
<Instance name="ball_Uniball-1" uid="ball_Uniball-1" entityUid="ball_Uniball*:*?? ?????????">
<Transform>
<Rotation>1 0 0 0 1 0 0 0 1</Rotation>
<Translation>-0.0039841905829633012 0.0076658901115672085 0.081437997214089619</Translation>
</Transform>
</Instance>
</Instance>
<Instance name="acopleBaseMovilAntebrazo-1" uid="acopleBaseMovilAntebrazo-1" entityUid="acopleBaseMovilAntebrazo" rigid="true">
<Transform>
<Rotation>1 0 2.7755575615628914e-016 0 0 -1.0000000000000002 -1.482269289864867e-016 1 0</Rotation>
<Translation>0.040619127445907448 0.065680058780245257 0.072038766313154701</Translation>
</Transform>
<Instance name="Acople-RUniball-BaseMovil-1" uid="Acople-RUniball-BaseMovil-1" entityUid="Acople-RUniball-BaseMovil*:*Predeterminado">
<Transform>
<Rotation>1 0 0 0 1 0 0 0 1</Rotation>
<Translation>-0.0039841905829632804 0.0076658901115671529 0.029637997214089582</Translation>
</Transform>
</Instance>
<Instance name="ball_Uniball-2" uid="ball_Uniball-2" entityUid="ball_Uniball*:*?? ?????????">
<Transform>
<Rotation>1 0 0 0 1 0 0 0 1</Rotation>
<Translation>-0.0039841905829632734 0.0076658901115672085 0.033337997214089581</Translation>
</Transform>
</Instance>
<Instance name="ball_Uniball-1" uid="ball_Uniball-1" entityUid="ball_Uniball*:*?? ?????????">
<Transform>
<Rotation>1 0 0 0 1 0 0 0 1</Rotation>
<Translation>-0.0039841905829632734 0.0076658901115671529 0.081437997214089577</Translation>
</Transform>
</Instance>
</Instance>
</Instance>
<Instance name="BrazoCompleto-3" uid="BrazoCompleto-3" entityUid="BrazoCompleto" rigid="true">
<Transform>
<Rotation>0.46899271150430893 0.17333734899275516 -0.86602540378443871 -0.34667469798551298 0.93798542300861676 -1.6202317265623378e-015 0.81231920470495433 0.30022909530475284 0.5</Rotation>
<Translation>-0.042756914110605428 -0.10777633417124216 -0.043762918980369971</Translation>
</Transform>
<Instance name="Brazo-1" uid="Brazo-1" entityUid="Brazo*:*Predeterminado">
<Transform>
<Rotation>-0.92372802134706811 -0.38304900806323783 0 -0.38304900806323783 0.923728021347068 0 1.1102230246251565e-016 0 -0.99999999999999978</Rotation>
<Translation>-0.020583861757725339 0.047497976516891208 -0.0080500000000000155</Translation>
</Transform>
</Instance>
<Instance name="ball_Uniball-1" uid="ball_Uniball-1" grounded="true" entityUid="ball_Uniball*:*?? ?????????">
<Transform>
<Rotation>1 0 0 0 1 0 0 0 1</Rotation>
<Translation>-0.0014885580275515939 0.0014493854478792867 0.012800000000000002</Translation>
</Transform>
</Instance>
<Instance name="ball_Uniball-2" uid="ball_Uniball-2" entityUid="ball_Uniball*:*?? ?????????">
<Transform>
<Rotation>-0.92372802134706811 -0.38304900806323794 2.2204460492503131e-016 -0.38304900806323788 0.92372802134706822 2.2204460492503131e-016 0 1.9081958235744878e-016 -1</Rotation>
<Translation>-0.0014885580275515835 0.0014493854478792728 -0.035300000000000005</Translation>
</Transform>
</Instance>
<Instance name="Acople-Brazo-RUniball-1" uid="Acople-Brazo-RUniball-1" entityUid="Acople-Brazo-RUniball*:*Predeterminado">
<Transform>
<Rotation>-0.92372802134706811 -0.38304900806323783 0 -0.38304900806323783 0.923728021347068 0 1.1102230246251565e-016 0 -0.99999999999999978</Rotation>
<Translation>-0.0014885580275515974 0.0014493854478792867 0.01649999999999999</Translation>
</Transform>
</Instance>
<Instance name="Eje-Base-Brazo-1" uid="Eje-Base-Brazo-1" entityUid="Eje-Base-Brazo*:*Predeterminado">
<Transform>
<Rotation>-0.92372802134706811 -0.38304900806323783 0 -0.38304900806323783 0.923728021347068 0 1.1102230246251565e-016 0 -0.99999999999999978</Rotation>
<Translation>-0.051284929075772548 0.12153402822299818 0.017999999999999985</Translation>
</Transform>
</Instance>
</Instance>
<Instance name="AntebrazoCompleto-1" uid="AntebrazoCompleto-1" entityUid="AntebrazoCompleto" rigid="true">
<Transform>
<Rotation>0.99678305225438368 0.080128260039887683 0.0017345551057177844 -0.080146513609663073 0.99646530156826252 0.025168216597281745 0.00028826142774136701 -0.025226270304025057 0.99968172544660305</Rotation>
<Translation>0.06155809225356132 -0.11947802083357588 -0.016285141079685601</Translation>
</Transform>
<Instance name="uniball-Cuerpo-2" uid="uniball-Cuerpo-2" entityUid="uniball-Cuerpo*:*Predeterminado">
<Transform>
<Rotation>-1 0 -2.2226144535952841e-016 0 -0.99999999999999989 0 -2.2209881503365558e-016 0 0.99999999999999989</Rotation>
<Translation>-0.016089268306127363 -0.2632410384083757 0.040649351392904182</Translation>
</Transform>
</Instance>
<Instance name="Acople-Antebrazo-RUniball-1" uid="Acople-Antebrazo-RUniball-1" entityUid="Acople-Antebrazo-RUniball*:*Predeterminado">
<Transform>
<Rotation>-0.83716910433122238 0.54694413860398861 0 0 0 -0.99999999999999989 -0.54694413860398861 -0.83716910433122227 0</Rotation>
<Translation>-0.01608926830612737 -0.19974103840837576 0.040649351392904182</Translation>
</Transform>
</Instance>
<Instance name="Acople-Antebrazo-RUniball-2" uid="Acople-Antebrazo-RUniball-2" entityUid="Acople-Antebrazo-RUniball*:*Predeterminado">
<Transform>
<Rotation>-0.83716910433122238 -0.54694413860398861 0 0 0 0.99999999999999989 -0.54694413860398861 0.83716910433122227 0</Rotation>
<Translation>-0.016089268306127377 -0.051741038408375697 0.040649351392904182</Translation>
</Transform>
</Instance>
<Instance name="uniball-Cuerpo-1" uid="uniball-Cuerpo-1" grounded="true" entityUid="uniball-Cuerpo*:*Predeterminado">
<Transform>
<Rotation>1 0 0 0 1 0 0 0 1</Rotation>
<Translation>-0.01608926830612737 0.011758961591624317 0.040649351392904182</Translation>
</Transform>
</Instance>
<Instance name="Antebrazo-1" uid="Antebrazo-1" entityUid="Antebrazo*:*Predeterminado">
<Transform>
<Rotation>-0.83716910433122238 -0.54694413860398861 0 0 0 0.99999999999999989 -0.54694413860398861 0.83716910433122227 0</Rotation>
<Translation>-0.016089268306127363 -0.22774103840837567 0.040649351392904175</Translation>
</Transform>
</Instance>
</Instance>
<Instance name="AntebrazoCompleto-2" uid="AntebrazoCompleto-2" entityUid="AntebrazoCompleto" rigid="true">
<Transform>
<Rotation>0.99678078528140912 0.08012826003988259 0.0027437268010958439 -0.080171953579395563 0.99646530156826296 0.025087061002317952 -0.00072384600664486391 -0.025226270304025092 0.99968150494720409</Rotation>
<Translation>0.061517033604764237 -0.11947513122177726 -0.064401416184594537</Translation>
</Transform>
<Instance name="uniball-Cuerpo-2" uid="uniball-Cuerpo-2" entityUid="uniball-Cuerpo*:*Predeterminado">
<Transform>
<Rotation>-1 0 -1.2490009027033004e-016 0 -1 0 -1.2490009027033004e-016 0 1</Rotation>
<Translation>-0.016089268306127391 -0.26324103840837576 0.040649351392904182</Translation>
</Transform>
</Instance>
<Instance name="Acople-Antebrazo-RUniball-1" uid="Acople-Antebrazo-RUniball-1" entityUid="Acople-Antebrazo-RUniball*:*Predeterminado">
<Transform>
<Rotation>-0.83716910433122238 0.54694413860398827 0 0 0 -0.99999999999999989 -0.54694413860398827 -0.83716910433122238 0</Rotation>
<Translation>-0.016089268306127391 -0.19974103840837568 0.040649351392904182</Translation>
</Transform>
</Instance>
<Instance name="Acople-Antebrazo-RUniball-2" uid="Acople-Antebrazo-RUniball-2" entityUid="Acople-Antebrazo-RUniball*:*Predeterminado">
<Transform>
<Rotation>-0.83716910433122238 -0.54694413860398827 0 0 0 0.99999999999999989 -0.54694413860398827 0.83716910433122238 0</Rotation>
<Translation>-0.016089268306127377 -0.051741038408375684 0.040649351392904175</Translation>
</Transform>
</Instance>
<Instance name="uniball-Cuerpo-1" uid="uniball-Cuerpo-1" grounded="true" entityUid="uniball-Cuerpo*:*Predeterminado">
<Transform>
<Rotation>1 0 0 0 1 0 0 0 1</Rotation>
<Translation>-0.016089268306127384 0.011758961591624317 0.040649351392904182</Translation>
</Transform>
</Instance>
<Instance name="Antebrazo-1" uid="Antebrazo-1" entityUid="Antebrazo*:*Predeterminado">
<Transform>
<Rotation>-0.83716910433122238 -0.54694413860398827 0 0 0 0.99999999999999989 -0.54694413860398827 0.83716910433122238 0</Rotation>
<Translation>-0.016089268306127391 -0.22774103840837565 0.040649351392904182</Translation>
</Transform>
</Instance>
</Instance>
<Instance name="AntebrazoCompleto-6" uid="AntebrazoCompleto-6" entityUid="AntebrazoCompleto" rigid="true">
<Transform>
<Rotation>0.99974747786427076 -0.022451194149642605 -0.00096144957462480126 0.022435872951930225 0.99481899916539474 0.09915538565527951 -0.0012696885107530988 -0.099151917686030766 0.99507149748662183</Rotation>
<Translation>-0.037900639072388442 -0.12126845008037096 -0.077440471301411365</Translation>
</Transform>
<Instance name="uniball-Cuerpo-2" uid="uniball-Cuerpo-2" entityUid="uniball-Cuerpo*:*Predeterminado">
<Transform>
<Rotation>-1 0 -1.9190378452993428e-016 0 -1 0 -2.5196858488563123e-016 0 0.99999999999999989</Rotation>
<Translation>-0.016089268306127356 -0.26324103840837565 0.040649351392904182</Translation>
</Transform>
</Instance>
<Instance name="Acople-Antebrazo-RUniball-1" uid="Acople-Antebrazo-RUniball-1" entityUid="Acople-Antebrazo-RUniball*:*Predeterminado">
<Transform>
<Rotation>-0.83716910433122249 0.54694413860398883 0 0 0 -1 -0.54694413860398861 -0.83716910433122216 0</Rotation>
<Translation>-0.016089268306127356 -0.19974103840837565 0.040649351392904182</Translation>
</Transform>
</Instance>
<Instance name="Acople-Antebrazo-RUniball-2" uid="Acople-Antebrazo-RUniball-2" entityUid="Acople-Antebrazo-RUniball*:*Predeterminado">
<Transform>
<Rotation>-0.83716910433122249 -0.54694413860398883 0 0 0 1 -0.54694413860398861 0.83716910433122216 0</Rotation>
<Translation>-0.016089268306127363 -0.05174103840837567 0.040649351392904182</Translation>
</Transform>
</Instance>
<Instance name="uniball-Cuerpo-1" uid="uniball-Cuerpo-1" grounded="true" entityUid="uniball-Cuerpo*:*Predeterminado">
<Transform>
<Rotation>1 0 0 0 1 0 0 0 1</Rotation>
<Translation>-0.01608926830612737 0.011758961591624317 0.040649351392904182</Translation>
</Transform>
</Instance>
<Instance name="Antebrazo-1" uid="Antebrazo-1" entityUid="Antebrazo*:*Predeterminado">
<Transform>
<Rotation>-0.83716910433122249 -0.54694413860398883 0 0 0 1 -0.54694413860398861 0.83716910433122216 0</Rotation>
<Translation>-0.016089268306127356 -0.22774103840837567 0.040649351392904182</Translation>
</Transform>
</Instance>
</Instance>
<Instance name="BrazoCompleto-2" uid="BrazoCompleto-2" entityUid="BrazoCompleto" rigid="true">
<Transform>
<Rotation>-0.95506631144261178 -0.29639220763610602 2.2375726585432759e-016 -0.29639220763610602 0.95506631144261178 3.4867322860914192e-015 -1.2471433062687017e-015 3.2637406334640128e-015 -1</Rotation>
<Translation>0.045541230882929176 -0.10727350939693037 -0.011250000000000362</Translation>
</Transform>
<Instance name="Brazo-1" uid="Brazo-1" entityUid="Brazo*:*Predeterminado">
<Transform>
<Rotation>-0.92372802134706811 -0.38304900806323783 0 -0.38304900806323783 0.92372802134706811 0 0 0 -1</Rotation>
<Translation>-0.02058386175772535 0.047497976516891208 -0.0080500000000000051</Translation>
</Transform>
</Instance>
<Instance name="ball_Uniball-1" uid="ball_Uniball-1" grounded="true" entityUid="ball_Uniball*:*?? ?????????">
<Transform>
<Rotation>1 0 0 0 1 0 0 0 1</Rotation>
<Translation>-0.0014885580275515852 0.0014493854478792589 0.012800000000000001</Translation>
</Transform>
</Instance>
<Instance name="ball_Uniball-2" uid="ball_Uniball-2" entityUid="ball_Uniball*:*?? ?????????">
<Transform>
<Rotation>-0.92372802134706811 -0.38304900806323783 0 -0.38304900806323783 0.92372802134706811 2.104455970090607e-016 0 2.1044559700905954e-016 -1</Rotation>
<Translation>-0.0014885580275515817 0.0014493854478792867 -0.035300000000000005</Translation>
</Transform>
</Instance>
<Instance name="Acople-Brazo-RUniball-1" uid="Acople-Brazo-RUniball-1" entityUid="Acople-Brazo-RUniball*:*Predeterminado">
<Transform>
<Rotation>-0.92372802134706811 -0.38304900806323783 0 -0.38304900806323783 0.92372802134706811 0 0 0 -1</Rotation>
<Translation>-0.0014885580275515869 0.0014493854478792589 0.016499999999999994</Translation>
</Transform>
</Instance>
<Instance name="Eje-Base-Brazo-1" uid="Eje-Base-Brazo-1" entityUid="Eje-Base-Brazo*:*Predeterminado">
<Transform>
<Rotation>-0.92372802134706811 -0.38304900806323783 0 -0.38304900806323783 0.92372802134706811 0 0 0 -1</Rotation>
<Translation>-0.051284929075772534 0.12153402822299822 0.017999999999999995</Translation>
</Transform>
</Instance>
</Instance>
<Instance name="AntebrazoCompleto-4" uid="AntebrazoCompleto-4" entityUid="AntebrazoCompleto" rigid="true">
<Transform>
<Rotation>0.99898457116231776 -0.045007152180238812 0.0020451973658187506 0.045014254963743068 0.99518665413201157 -0.087047345092145845 0.0018823999839192866 0.087051017743371747 0.99620207632796254</Rotation>
<Translation>-0.0022600899775608065 -0.11323937832660842 0.031343853750263093</Translation>
</Transform>
<Instance name="uniball-Cuerpo-2" uid="uniball-Cuerpo-2" entityUid="uniball-Cuerpo*:*Predeterminado">
<Transform>
<Rotation>-1.0000000000000002 0 -1.4072944198861848e-016 0 -0.99999999999999989 0 -3.0335976786144414e-016 0 1</Rotation>
<Translation>-0.016089268306127367 -0.2632410384083757 0.040649351392904175</Translation>
</Transform>
</Instance>
<Instance name="Acople-Antebrazo-RUniball-1" uid="Acople-Antebrazo-RUniball-1" entityUid="Acople-Antebrazo-RUniball*:*Predeterminado">
<Transform>
<Rotation>-0.83716910433122238 0.54694413860398861 0 0 0 -0.99999999999999978 -0.54694413860398861 -0.83716910433122227 0</Rotation>
<Translation>-0.016089268306127374 -0.19974103840837565 0.040649351392904175</Translation>
</Transform>
</Instance>
<Instance name="Acople-Antebrazo-RUniball-2" uid="Acople-Antebrazo-RUniball-2" entityUid="Acople-Antebrazo-RUniball*:*Predeterminado">
<Transform>
<Rotation>-0.83716910433122238 -0.54694413860398861 0 0 0 0.99999999999999978 -0.54694413860398861 0.83716910433122227 0</Rotation>
<Translation>-0.016089268306127377 -0.051741038408375711 0.040649351392904175</Translation>
</Transform>
</Instance>
<Instance name="uniball-Cuerpo-1" uid="uniball-Cuerpo-1" grounded="true" entityUid="uniball-Cuerpo*:*Predeterminado">
<Transform>
<Rotation>1 0 0 0 1 0 0 0 1</Rotation>
<Translation>-0.016089268306127374 0.011758961591624331 0.040649351392904189</Translation>
</Transform>
</Instance>
<Instance name="Antebrazo-1" uid="Antebrazo-1" entityUid="Antebrazo*:*Predeterminado">
<Transform>
<Rotation>-0.83716910433122238 -0.54694413860398861 0 0 0 0.99999999999999978 -0.54694413860398861 0.83716910433122227 0</Rotation>
<Translation>-0.016089268306127374 -0.22774103840837567 0.040649351392904175</Translation>
</Transform>
</Instance>
</Instance>
</InstanceTree>
<Constraints>
<Coincident name="Coincidente1">
<ConstraintGeometry geomType="plane">
<InstancePath>
<Uid>BaseCompleta-1</Uid>
</InstancePath>
<Position>-0.044010734985004032 0.049934600438418464 0</Position>
<Axis>0.86602540378443837 0.50000000000000067 0</Axis>
</ConstraintGeometry>
<ConstraintGeometry geomType="plane">
<InstancePath>
<Uid>BrazoCompleto-1</Uid>
<Uid>Eje-Base-Brazo-1</Uid>
</InstancePath>
<Position>0 0 0.038499999999999993</Position>
<Axis>0 0 1.0000000000000002</Axis>
</ConstraintGeometry>
</Coincident>
<Concentric name="Concéntrica1">
<ConstraintGeometry geomType="circle">
<InstancePath>
<Uid>BaseCompleta-1</Uid>
</InstancePath>
<Position>-0.044010734985004032 0.049934600438418464 -0.024000000000000007</Position>
<Axis>-0.86602540378443837 -0.50000000000000067 0</Axis>
</ConstraintGeometry>
<ConstraintGeometry geomType="cylinder">
<InstancePath>
<Uid>BrazoCompleto-1</Uid>
<Uid>Eje-Base-Brazo-1</Uid>
</InstancePath>
<Position>0 0 0.064500000000000002</Position>
<Axis>0 0 -1.0000000000000002</Axis>
</ConstraintGeometry>
</Concentric>
<Coincident name="Coincidente3">
<ConstraintGeometry geomType="plane">
<InstancePath>
<Uid>BaseCompleta-1</Uid>
</InstancePath>
<Position>0.058499999999999969 -0.0092499999999999839 0</Position>
<Axis>-1.3010426069826058e-016 1 0</Axis>
</ConstraintGeometry>
<ConstraintGeometry geomType="plane">
<InstancePath>
<Uid>BrazoCompleto-2</Uid>
<Uid>Eje-Base-Brazo-1</Uid>
</InstancePath>
<Position>0 0 0.02</Position>
<Axis>0 0 -1</Axis>
</ConstraintGeometry>
</Coincident>
<Concentric name="Concéntrica2">
<ConstraintGeometry geomType="circle">
<InstancePath>
<Uid>BaseCompleta-1</Uid>
</InstancePath>
<Position>0.058499999999999969 -0.0092499999999999839 -0.023999999999999994</Position>
<Axis>-1.3010426069826058e-016 1 0</Axis>
</ConstraintGeometry>
<ConstraintGeometry geomType="circle">
<InstancePath>
<Uid>BrazoCompleto-2</Uid>
<Uid>Eje-Base-Brazo-1</Uid>
</InstancePath>
<Position>0 0 0.02</Position>
<Axis>0 0 1</Axis>
</ConstraintGeometry>
</Concentric>
<Coincident name="Coincidente4">
<ConstraintGeometry geomType="plane">
<InstancePath>
<Uid>BaseCompleta-1</Uid>
</InstancePath>
<Position>-0.044010734985004019 -0.049934600438418443 0</Position>
<Axis>0.86602540378443871 -0.5 0</Axis>
</ConstraintGeometry>
<ConstraintGeometry geomType="plane">
<InstancePath>
<Uid>BrazoCompleto-3</Uid>
<Uid>Eje-Base-Brazo-1</Uid>
</InstancePath>
<Position>0 0 0.02</Position>
<Axis>0 0 -1</Axis>
</ConstraintGeometry>
</Coincident>
<Concentric name="Concéntrica3">
<ConstraintGeometry geomType="circle">
<InstancePath>
<Uid>BaseCompleta-1</Uid>
</InstancePath>
<Position>-0.044010734985004019 -0.049934600438418436 -0.024000000000000004</Position>
<Axis>-0.86602540378443871 0.5 0</Axis>
</ConstraintGeometry>
<ConstraintGeometry geomType="circle">
<InstancePath>
<Uid>BrazoCompleto-3</Uid>
<Uid>Eje-Base-Brazo-1</Uid>
</InstancePath>
<Position>0 0 0.02</Position>
<Axis>0 0 1</Axis>
</ConstraintGeometry>
</Concentric>
<Concentric name="Concéntrica4">
<ConstraintGeometry geomType="sphere">
<InstancePath>
<Uid>BrazoCompleto-1</Uid>
<Uid>ball_Uniball-1</Uid>
</InstancePath>
<Position>0 0 0</Position>
</ConstraintGeometry>
<ConstraintGeometry geomType="sphere">
<InstancePath>
<Uid>AntebrazoCompleto-4</Uid>
<Uid>uniball-Cuerpo-1</Uid>
</InstancePath>
<Position>0 0 0</Position>
</ConstraintGeometry>
</Concentric>
<Concentric name="Concéntrica5">
<ConstraintGeometry geomType="sphere">
<InstancePath>
<Uid>BrazoCompleto-1</Uid>
<Uid>ball_Uniball-2</Uid>
</InstancePath>
<Position>0 0 0</Position>
</ConstraintGeometry>
<ConstraintGeometry geomType="sphere">
<InstancePath>
<Uid>AntebrazoCompleto-3</Uid>
<Uid>uniball-Cuerpo-1</Uid>
</InstancePath>
<Position>0 0 0</Position>
</ConstraintGeometry>
</Concentric>
<Concentric name="Concéntrica6">
<ConstraintGeometry geomType="sphere">
<InstancePath>
<Uid>BrazoCompleto-2</Uid>
<Uid>ball_Uniball-2</Uid>
</InstancePath>
<Position>0 0 0</Position>
</ConstraintGeometry>
<ConstraintGeometry geomType="sphere">
<InstancePath>
<Uid>AntebrazoCompleto-1</Uid>
<Uid>uniball-Cuerpo-1</Uid>
</InstancePath>
<Position>0 0 0</Position>
</ConstraintGeometry>
</Concentric>
<Concentric name="Concéntrica7">
<ConstraintGeometry geomType="sphere">
<InstancePath>
<Uid>BrazoCompleto-2</Uid>
<Uid>ball_Uniball-1</Uid>
</InstancePath>
<Position>0 0 0</Position>
</ConstraintGeometry>
<ConstraintGeometry geomType="sphere">
<InstancePath>
<Uid>AntebrazoCompleto-2</Uid>
<Uid>uniball-Cuerpo-1</Uid>
</InstancePath>
<Position>0 0 0</Position>
</ConstraintGeometry>
</Concentric>
<Concentric name="Concéntrica8">
<ConstraintGeometry geomType="sphere">
<InstancePath>
<Uid>BrazoCompleto-3</Uid>
<Uid>ball_Uniball-2</Uid>
</InstancePath>
<Position>0 0 0</Position>
</ConstraintGeometry>
<ConstraintGeometry geomType="sphere">
<InstancePath>
<Uid>AntebrazoCompleto-5</Uid>
<Uid>uniball-Cuerpo-1</Uid>
</InstancePath>
<Position>0 0 0</Position>
</ConstraintGeometry>
</Concentric>
<Concentric name="Concéntrica9">
<ConstraintGeometry geomType="sphere">
<InstancePath>
<Uid>BrazoCompleto-3</Uid>
<Uid>ball_Uniball-1</Uid>
</InstancePath>
<Position>0 0 0</Position>
</ConstraintGeometry>
<ConstraintGeometry geomType="sphere">
<InstancePath>
<Uid>AntebrazoCompleto-6</Uid>
<Uid>uniball-Cuerpo-1</Uid>
</InstancePath>
<Position>0 0 0</Position>
</ConstraintGeometry>
</Concentric>
<Concentric name="Concéntrica10">
<ConstraintGeometry geomType="sphere">
<InstancePath>
<Uid>AntebrazoCompleto-5</Uid>
<Uid>uniball-Cuerpo-2</Uid>
</InstancePath>
<Position>0 0 0</Position>
</ConstraintGeometry>
<ConstraintGeometry geomType="sphere">
<InstancePath>
<Uid>BaseMovilCompleta-1</Uid>
<Uid>acopleBaseMovilAntebrazo-3</Uid>
<Uid>ball_Uniball-2</Uid>
</InstancePath>
<Position>0 0 0</Position>
</ConstraintGeometry>
</Concentric>
<Concentric name="Concéntrica11">
<ConstraintGeometry geomType="sphere">
<InstancePath>
<Uid>AntebrazoCompleto-6</Uid>
<Uid>uniball-Cuerpo-2</Uid>
</InstancePath>
<Position>0 0 0</Position>
</ConstraintGeometry>
<ConstraintGeometry geomType="sphere">
<InstancePath>
<Uid>BaseMovilCompleta-1</Uid>
<Uid>acopleBaseMovilAntebrazo-3</Uid>
<Uid>ball_Uniball-1</Uid>
</InstancePath>
<Position>0 0 0</Position>
</ConstraintGeometry>
</Concentric>
<Concentric name="Concéntrica12">
<ConstraintGeometry geomType="sphere">
<InstancePath>
<Uid>AntebrazoCompleto-3</Uid>
<Uid>uniball-Cuerpo-2</Uid>
</InstancePath>
<Position>0 0 0</Position>
</ConstraintGeometry>
<ConstraintGeometry geomType="sphere">
<InstancePath>
<Uid>BaseMovilCompleta-1</Uid>
<Uid>acopleBaseMovilAntebrazo-1</Uid>
<Uid>ball_Uniball-1</Uid>
</InstancePath>
<Position>0 0 0</Position>
</ConstraintGeometry>
</Concentric>
<Concentric name="Concéntrica13">
<ConstraintGeometry geomType="sphere">
<InstancePath>
<Uid>AntebrazoCompleto-2</Uid>
<Uid>uniball-Cuerpo-2</Uid>
</InstancePath>
<Position>0 0 0</Position>
</ConstraintGeometry>
<ConstraintGeometry geomType="sphere">
<InstancePath>
<Uid>BaseMovilCompleta-1</Uid>
<Uid>acopleBaseMovilAntebrazo-2</Uid>
<Uid>ball_Uniball-1</Uid>
</InstancePath>
<Position>0 0 0</Position>
</ConstraintGeometry>
</Concentric>
<Concentric name="Concéntrica14">
<ConstraintGeometry geomType="sphere">
<InstancePath>
<Uid>AntebrazoCompleto-1</Uid>
<Uid>uniball-Cuerpo-2</Uid>
</InstancePath>
<Position>0 0 0</Position>
</ConstraintGeometry>
<ConstraintGeometry geomType="sphere">
<InstancePath>
<Uid>BaseMovilCompleta-1</Uid>
<Uid>acopleBaseMovilAntebrazo-2</Uid>
<Uid>ball_Uniball-2</Uid>
</InstancePath>
<Position>0 0 0</Position>
</ConstraintGeometry>
</Concentric>
<Concentric name="Concéntrica15">
<ConstraintGeometry geomType="sphere">
<InstancePath>
<Uid>AntebrazoCompleto-4</Uid>
<Uid>uniball-Cuerpo-2</Uid>
</InstancePath>
<Position>0 0 0</Position>
</ConstraintGeometry>
<ConstraintGeometry geomType="sphere">
<InstancePath>
<Uid>BaseMovilCompleta-1</Uid>
<Uid>acopleBaseMovilAntebrazo-1</Uid>
<Uid>ball_Uniball-2</Uid>
</InstancePath>
<Position>0 0 0</Position>
</ConstraintGeometry>
</Concentric>
<Coincident name="Coincidente10">
<ConstraintGeometry geomType="point">
<InstancePath>
<Uid>BaseCompleta-1</Uid>
</InstancePath>
<Position>0 0 0</Position>
</ConstraintGeometry>
<ConstraintGeometry geomType="point">
<InstancePath>
<Uid>RobotDelta2</Uid>
</InstancePath>
<Position>0 0 0</Position>
</ConstraintGeometry>
</Coincident>
</Constraints>
</RootAssembly>
<Assemblies>
<Assembly name="BrazoCompleto" uid="BrazoCompleto" version="124">
<ModelUnits mass="kilogram" length="millimeter"/>
<AssemblyFile name="BrazoCompleto.SLDASM" type="SolidWorks Assembly"/>
</Assembly>
<Assembly name="AntebrazoCompleto" uid="AntebrazoCompleto" version="153">
<ModelUnits mass="kilogram" length="millimeter"/>
<AssemblyFile name="AntebrazoCompleto.SLDASM" type="SolidWorks Assembly"/>
</Assembly>
<Assembly name="BaseMovilCompleta" uid="BaseMovilCompleta" version="144">
<ModelUnits mass="kilogram" length="millimeter"/>
<AssemblyFile name="BaseMovilCompleta.SLDASM" type="SolidWorks Assembly"/>
</Assembly>
<Assembly name="acopleBaseMovilAntebrazo" uid="acopleBaseMovilAntebrazo" version="115">
<ModelUnits mass="kilogram" length="millimeter"/>
<AssemblyFile name="acopleBaseMovilAntebrazo.SLDASM" type="SolidWorks Assembly"/>
</Assembly>
</Assemblies>
<Parts>
<Part name="Acople-Antebrazo-RUniball" uid="Acople-Antebrazo-RUniball*:*Predeterminado" version="124">
<ModelUnits mass="kilogram" length="millimeter"/>
<PartFile name="Acople-Antebrazo-RUniball.SLDPRT" type="SolidWorks Part"/>
<MassProperties>
<Mass>0.0084603864125170226</Mass>
<CenterOfMass>0 0 0.021401769914256002</CenterOfMass>
<Inertia>1.528689690565981e-006 1.528689690565981e-006 1.6837442398044505e-007 0 0 0</Inertia>
</MassProperties>
<GeometryFile name="Acople-Antebrazo-RUniball_Predeterminado_sldprt.STL" type="STL"/>
<VisualProperties>
<Ambient r="0.89803921568627454" g="0.91764705882352937" b="0.92941176470588238" a="1"/>
<Diffuse r="0.89803921568627454" g="0.91764705882352937" b="0.92941176470588238" a="1"/>
<Specular r="0.44901960784313727" g="0.45882352941176469" b="0.46470588235294119" a="1"/>
<Emissive r="0" g="0" b="0" a="1"/>
<Shininess>0.3125</Shininess>
</VisualProperties>
</Part>
<Part name="Acople-Brazo-RUniball" uid="Acople-Brazo-RUniball*:*Predeterminado" version="177">
<ModelUnits mass="kilogram" length="millimeter"/>
<PartFile name="Acople-Brazo-RUniball.SLDPRT" type="SolidWorks Part"/>
<MassProperties>
<Mass>0.0066380360513841885</Mass>
<CenterOfMass>0 0 0.02858723604766316</CenterOfMass>
<Inertia>1.2931827368049981e-006 1.2931827368049981e-006 9.8334643129579169e-008 0 0 0</Inertia>
</MassProperties>
<GeometryFile name="Acople-Brazo-RUniball_Predeterminado_sldprt.STL" type="STL"/>
<VisualProperties>
<Ambient r="0.89803921568627454" g="0.91764705882352937" b="0.92941176470588238" a="1"/>
<Diffuse r="0.89803921568627454" g="0.91764705882352937" b="0.92941176470588238" a="1"/>
<Specular r="0.44901960784313727" g="0.45882352941176469" b="0.46470588235294119" a="1"/>
<Emissive r="0" g="0" b="0" a="1"/>
<Shininess>0.3125</Shininess>
</VisualProperties>
</Part>
<Part name="Acople-RUniball-BaseMovil" uid="Acople-RUniball-BaseMovil*:*Predeterminado" version="131">
<ModelUnits mass="kilogram" length="millimeter"/>
<PartFile name="Acople-RUniball-BaseMovil.SLDPRT" type="SolidWorks Part"/>
<MassProperties>
<Mass>0.0020423610671578374</Mass>
<CenterOfMass>0 0 0.02775</CenterOfMass>
<Inertia>4.628235863147586e-007 4.6295047209226319e-007 1.263130726118355e-008 0 0 0</Inertia>
</MassProperties>
<GeometryFile name="Acople-RUniball-BaseMovil_Predeterminado_sldprt.STL" type="STL"/>
<VisualProperties>
<Ambient r="0.792156862745098" g="0.81960784313725488" b="0.93333333333333335" a="1"/>
<Diffuse r="0.792156862745098" g="0.81960784313725488" b="0.93333333333333335" a="1"/>
<Specular r="0.396078431372549" g="0.40980392156862744" b="0.46666666666666667" a="1"/>
<Emissive r="0" g="0" b="0" a="1"/>
<Shininess>0.40000000596046448</Shininess>
</VisualProperties>
</Part>
<Part name="Antebrazo" uid="Antebrazo*:*Predeterminado" version="108">
<ModelUnits mass="kilogram" length="millimeter"/>
<PartFile name="Antebrazo.SLDPRT" type="SolidWorks Part"/>
<MassProperties>
<Mass>0.0078508400413208924</Mass>
<CenterOfMass>0 0 0.10199999999999999</CenterOfMass>
<Inertia>2.7250756460927394e-005 2.7250756460927394e-005 4.8086395253090462e-008 0 0 0</Inertia>
</MassProperties>
<GeometryFile name="Antebrazo_Predeterminado_sldprt.STL" type="STL"/>
<VisualProperties>
<Ambient r="0.792156862745098" g="0.81960784313725488" b="0.93333333333333335" a="1"/>
<Diffuse r="0.792156862745098" g="0.81960784313725488" b="0.93333333333333335" a="1"/>
<Specular r="0.396078431372549" g="0.40980392156862744" b="0.46666666666666667" a="1"/>
<Emissive r="0" g="0" b="0" a="1"/>
<Shininess>0.40000000596046448</Shininess>
</VisualProperties>
</Part>
<Part name="BaseCompleta" uid="BaseCompleta*:*Predeterminado" version="181">
<ModelUnits mass="kilogram" length="millimeter"/>
<PartFile name="BaseCompleta.SLDPRT" type="SolidWorks Part"/>
<MassProperties>
<Mass>0.13810452721903221</Mass>
<CenterOfMass>-0.0045062155923240536 0 -0.004277486502253779</CenterOfMass>
<Inertia>0.00025859197461879113 0.00025858810647683996 0.00048480194129818657 0 5.8178041696075579e-009 0</Inertia>
</MassProperties>
<GeometryFile name="BaseCompleta_Predeterminado_sldprt.STL" type="STL"/>
<VisualProperties>
<Ambient r="0.792156862745098" g="0.81960784313725488" b="0.93333333333333335" a="1"/>
<Diffuse r="0.792156862745098" g="0.81960784313725488" b="0.93333333333333335" a="1"/>
<Specular r="0.396078431372549" g="0.40980392156862744" b="0.46666666666666667" a="1"/>
<Emissive r="0" g="0" b="0" a="1"/>
<Shininess>0.40000000596046448</Shininess>
</VisualProperties>
</Part>
<Part name="BaseMovil" uid="BaseMovil*:*Predeterminado" version="110">
<ModelUnits mass="kilogram" length="millimeter"/>
<PartFile name="BaseMovil.SLDPRT" type="SolidWorks Part"/>
<MassProperties>
<Mass>0.02181220141051193</Mass>
<CenterOfMass>-4.7405556094963878e-006 -3.5668575281843001e-005 0.0060449150976605538</CenterOfMass>
<Inertia>5.5429429917029015e-006 5.5427575163035285e-006 1.0515035910818297e-005 4.405317498959504e-011 5.7852757262833765e-012 -6.9733115811243299e-010</Inertia>
</MassProperties>
<GeometryFile name="BaseMovil_Predeterminado_sldprt.STL" type="STL"/>
<VisualProperties>
<Ambient r="0.792156862745098" g="0.81960784313725488" b="0.93333333333333335" a="1"/>
<Diffuse r="0.792156862745098" g="0.81960784313725488" b="0.93333333333333335" a="1"/>
<Specular r="0.396078431372549" g="0.40980392156862744" b="0.46666666666666667" a="1"/>
<Emissive r="0" g="0" b="0" a="1"/>
<Shininess>0.40000000596046448</Shininess>
</VisualProperties>
</Part>
<Part name="Brazo" uid="Brazo*:*Predeterminado" version="110">
<ModelUnits mass="kilogram" length="millimeter"/>
<PartFile name="Brazo.SLDPRT" type="SolidWorks Part"/>
<MassProperties>
<Mass>0.039779095334176236</Mass>
<CenterOfMass>0 0.015149188933492068 0.0032000000000000002</CenterOfMass>
<Inertia>9.8902663578429479e-005 1.125559371534903e-006 9.9756664325816402e-005 0 0 0</Inertia>
</MassProperties>
